200	10220																																																																																																																																																																																																				
74	50	165	113	82	120	5	45	180	195	131	61	193	21	103	49	171	166	34	147	46	68	89	165	128	151	80	149	47	175	110	182	24	66	146	92	54	85	116	191	2	134	87	30	115	163	199	20	59	121	138	172	65	108	198	119	133	123	174	129	168	76	1	170	143	44	53	139	137	7	188	124	135	186	33	63	99	142	94	187	57	102	75	169	38	19	12	196	96	178	183	101	97	126	3	197	18	70	28	130	22	93	36	192	32	55	161	162	14	117	136	144	105	78	104	77	190	112	132	52	40	16	107	69	81	127	62	181	39	58	106	51	152	109	9	83	118	141	10	145	140	122	17	67	29	158	73	177	56	173	50	194	184	37	43	48	31	111	64	79	71	26	114	41	86	60	185	150																														
47	70	71	0	31	127	94	63	30	44	46	141	102	5	120	189	83	80	87	161	194	118	114	111	101	181	23	136	21	38	65	144	64	123	27	57	24	129	165	186	17	191	162	142	99	117	106	98	34	49	10	199	3	131	60	148	91	133	93	33	25	108	20	19	12	97	39	119	143	182	51	124	150	75																																																																																																																												
75	86	83	0	150	162	19	161	34	9	35	88	180	36	6	73	176	48	23	110	49	122	170	8	188	56	168	67	106	71	65	4	58	166	175	139	120	14	31	148	29	75	104	105	101	116	91	89	30	100	59	117	3	159	42	124	78	82	163	181	129	179	76	50	69	11	191	171	84	80	143	47	126	79	177	52	142	128	26	174	96	146	123	17	185	197																																																																																																																
69	99	64	0	1	2	147	38	167	65	53	29	121	71	77	76	66	26	98	11	122	126	35	135	194	41	54	81	87	142	149	46	83	129	113	31	153	97	120	4	39	60	58	165	80	14	15	89	175	182	105	45	63	170	155	195	27	188	184	164	197	82	166	6	198	127	114																																																																																																																																			
48	73	166	2	3	146	31	153	99	96	91	86	149	51	152	170	143	176	111	138	62	159	131	10	27	101	49	82	185	158	136	98	24	22	29	46	14	17	36	189	38	151	73	25	95	142	156	199	183	75	13	74	184	9	124	19	140	193	52	106	23	132	6	113	194	186	162	71	26	68	112	16	8	35	155	72	177	122	160	148	37	171	191	119	109	32	169	135	196	144	190	108	42	178	5	87	40	118	57	182	65	107	69	67	139	129	192	125	77	45	90	198	134	123	12	187	195	167	54	34	172	83	114	120	165	103	128	161	78	20	105	97	116	179	59	76	145	55	21	88	117	50	93	58	163	30	39	11	121	104	89	48	7	79	92	18	166	70	150	60	41	110	100	28	173	130	43	15	85																													
74	87	193	0	1	4	97	130	99	128	21	42	167	166	29	10	58	140	56	112	67	27	107	70	109	132	147	37	22	193	32	48	44	9	188	20	38	159	186	172	100	196	55	77	89	129	34	106	17	39	95	84	16	68	108	178	75	35	71	158	114	47	102	85	198	86	176	72	177	12	50	121	45	191	160	73	119	96	104	6	110	13	65	23	151	24	117	189	57	60	7	174	36	69	61	83	127	43	185	182	161	66	87	51	168	125	122	145	82	78	124	8	28	141	116	139	164	194	195	30	137	49	88	144	91	180	165	148	93	59	31	33	175	40	15	94	163	115	133	14	149	80	54	142	64	143	146	192	63	154	105	120	169	134	138	173	101	81	197	183	152	18	187	41	184	53	136	155	190	179	135	126	199	19	153	131	26	113	111	171	74	46	92	162	103	25	79	98	150	156	90	62	76	52	170	118		
31	35	123	2	3	4	5	88	43	64	29	191	123	108	98	33	126	125	101	135	39	44	60	158	116	26	132	141	20	176	118	14	104	85	23	51	177	160	164	178	198	143	130	187	91	161	120	74	106	163	21	96	113	174	129	89	78	188	137	173	34	84	183	63	62	139	181	92	150	40	59	119	56	31	138	185	124	10	52	17	12	30	67	24	45	55	69	192	159	80	195	70	50	94	42	76	114	194	167	145	105	175	68	152	49	196	148	93	199	18	197	136	133	186	36	156	107	71	112	99	180	153	189	83	134	32																																																																								
55	70	172	0	4	5	119	104	81	194	16	75	84	188	193	68	60	169	178	184	150	37	13	9	134	162	53	92	122	131	199	144	152	140	128	142	47	31	173	105	118	187	46	114	72	23	129	28	19	166	151	168	77	61	14	124	22	34	30	21	195	62	135	154	51	65	40	52	42	87	45	78	96	86	107	120	32	94	101	38	146	103	186	88	79	73	36	139	44	27	172	97	127	160	99	196	174	24	164	58	41	130	189	35	198	159	132	106	116	176	167	91	54	20	113	115	59	10	143	48	15	147	102	197	109	70	66	17	123	29	157	148	82	67	112	165	179	177	83	191	85	71	117	100	95	137	155	126	64	89	57	69	98	18	111	49	11	192	156	161	141	182	26	93	149	138	108	185	175	145	136	74	183	90	25																							
37	34	176	2	4	5	130	23	157	45	163	132	147	75	159	137	134	22	191	100	109	116	82	156	92	181	43	178	189	39	149	174	173	89	179	29	128	185	133	106	73	61	90	35	42	176	97	124	38	78	96	166	170	155	114	151	187	131	56	74	158	33	15	86	107	76	62	68	41	84	64	31	143	142	123	28	167	139	113	58	55	51	44	40	48	27	25	85	18	34	122	136	30	194	59	140	160	102	196	91	161	70	150	195	119	198	71	83	127	115	11	65	188	183	154	79	26	94	153	10	110	193	47	13	152	180	111	171	36	184	138	182	14	66	141	57	53	32	19	177	46	93	60	120	69	145	17	54	165	80	172	103	112	162	77	121	146	20	88	144	126	16	125	24	105	118	87	175	108	190	169	101	37	135	72	49	12	104	199																			
68	90	97	0	2	4	5	7	98	97	29	35	48	71	37	102	111	13	104	72	136	181	119	122	152	82	24	170	192	50	134	198	197	31	144	96	156	64	168	112	94	146	86	113	76	91	22	39	149	175	191	66	150	60	180	116	133	107	28	106	69	143	164	155	62	190	194	138	135	47	85	58	129	186	162	127	171	117	53	99	103	151	160	23	42	184	148	125	68	157	154	159	193	176	93	84	11	12	25	109																																																																																																		
3	3	85	0	1	4	5	6	7	8	126	166	186	181	93	107	117	47	112	134	53	30	37	193	31	84	163	196	124	149	122	146	170	19	50	14	162	100	75	23	49	98	154	12	54	87	64	189	92	133	176	90	132	27	99	198	164	63	104	141	97	152	57	16	155	182	109	168	81	32	177	91	147	174	46	42	128	39	33	157	48	70	13	144	62	67	120	79																																																																																																														
34	41	65	2	3	4	7	8	9	17	176	25	139	99	46	113	21	60	195	19	89	170	158	140	47	13	102	23	118	142	95	83	18	14	69	81	199	119	122	66	62	129	148	65	135	120	79	35	58	152	74	34	159	73	175	154	137	121	104	71	92	180	160	172	186	143	117	97																																																																																																																																		
39	33	195	0	1	4	5	6	8	9	10	44	190	94	198	122	177	124	184	186	170	37	20	172	85	158	191	76	56	53	136	30	96	196	111	159	13	164	147	74	103	77	109	123	175	87	18	199	24	79	52	176	59	155	19	23	113	166	179	125	39	152	45	163	67	134	133	127	43	34	192	165	193	83	161	48	160	112	107	80	188	148	66	194	132	89	149	63	25	14	189	156	144	145	139	106	38	99	162	61	84	157	168	82	41	47	15	100	86	36	33	42	49	151	146	126	154	62	17	167	95	138	29	115	150	57	195	73	65	35	121	22	102	169	143	130	119	16	137	26	135	75	187	72	88	129	97	98	105	128	118	69	183	21	64	92	142	51	90	101	70	181	171	131	182	141	55	197	58	114	117	91	50	54	153	60	68	32	116	46	120	185	180	31	108	174	178	81	110	93	104	71	140	40	28	27	78	173
58	58	79	4	5	7	8	9	10	11	12	67	28	37	73	161	149	117	152	20	134	126	84	193	148	130	184	98	173	46	22	104	181	112	27	144	186	72	78	111	128	85	132	24	185	174	138	177	191	142	42	158	99	192	146	61	179	17	118	43	160	83	88	143	114	197	68	39	183	18	103	109	32	165	51	175	145	190	102	89	195	81																																																																																																																				
48	54	14	0	2	3	4	5	6	7	8	10	11	12	168	161	62																																																																																																																																																																																					
79	73	110	3	4	5	7	8	12	137	17	55	96	143	182	63	18	121	174	52	130	100	160	104	187	131	110	176	59	109	45	29	43	54	76	30	194	77	113	133	26	78	171	31	169	181	106	141	145	191	119	25	178	91	72	56	107	85	46	88	23	69	19	128	42	86	190	80	49	164	170	99	132	51	28	20	148	93	129	57	33	158	75	87	126	112	186	195	74	16	184	101	156	89	36	40	24	162	71	161	53	188	41	147	111	155	94	150	35	118	32	62	92																																																																																					
66	82	178	0	4	5	7	8	10	12	15	126	137	143	194	69	47	42	57	48	56	23	138	183	169	170	27	150	58	40	163	26	32	79	22	62	107	174	53	119	153	140	155	65	162	198	61	100	83	67	41	17	106	152	190	94	117	175	166	73	97	28	116	136	60	82	134	184	70	29	35	19	45	144	161	50	151	85	165	159	68	124	145	89	103	131	71	148	18	99	84	167	180	115	46	104	127	182	113	24	120	195	133	135	33	172	96	188	139	176	95	55	197	63	156	122	44	51	128	39	52	179	88	177	154	91	132	171	160	101	157	80	34	146	109	112	185	98	110	105	54	125	189	21	187	123	59	38	75	192	108	87	130	30	102	141	158	186	36	111	129	49	20	25	90	78	43	76	193	31	199	173	147	168	142	178	86	74	181	121	118																	
92	89	72	0	1	2	4	5	6	7	8	11	12	13	15	16	161	134	162	127	26	133	33	155	64	102	131	99	170	141	61	152	117	143	18	40	66	197	119	67	140	196	137	70	20	38	88	132	156	160	158	39	106	73	111	114	171	184	29	124	83	62	195	72	151	177	82	105	121	85	168	187	23	79	92																																																																																																																											
82	84	37	0	4	5	6	7	8	11	12	13	15	16	17	64	163	25	59	50	198	32	184	103	123	162	117	138	179	79	94	147	181	38	180	52	27	65	47	97																																																																																																																																																														
54	73	136	0	1	2	4	5	7	8	10	11	12	15	16	33	136	142	115	99	185	37	138	106	80	59	182	110	45	72	127	40	179	78	25	197	29	122	158	190	170	76	156	117	65	140	35	149	114	61	81	121	34	103	91	100	152	46	75	28	36	90	85	84	21	124	44	180	119	60	23	108	177	55	43	104	137	130	89	135	148	116	63	53	32	139	24	154	133	198	111	79	162	168	57	86	194	31	120	67	165	157	195	77	39	52	88	132	171	151	174	66	113	164	98	94	166	62	118	141	191	146	50	125	93	51	74	83	56	30	192	123	167	176	184	183	20	147	155																																																											
100	84	86	0	1	4	5	6	7	8	12	13	15	16	17	19	91	178	101	173	76	99	170	122	68	89	64	160	189	188	23	166	182	36	54	193	184	27	141	159	84	70	163	120	181	29	102	93	28	61	100	35	126	175	41	51	168	191	165	185	90	115	24	125	139	150	144	147	183	129	112	132	49	106	50	85	82	108	59	45	146	153	151	103	124	167	110	154	57																																																																																																													
21	39	147	0	1	4	5	6	7	11	12	16	19	82	130	23	40	32	41	42	195	162	117	68	101	47	45	109	83	55	97	181	30	168	140	150	80	199	155	37	190	56	98	35	79	70	62	175	89	53	111	122	25	44	185	99	91	93	189	87	174	158	29	85	61	138	180	136	81	69	49	60	71	72	156	63	38	74	153	22	59	106	24	76	142	166	163	152	88	157	77	84	51	115	58	119	108	178	139	147	170	169	176	48	28	64	110	113	161	114	172	124	43	66	96	135	36	78	177	179	146	39	149	194	52	167	197	57	137	143	65	121	27	123	100	125	192	182	128	120	183	184	191	173	50	118	102	193	151	33																																																
44	39	106	0	4	5	7	8	9	12	13	16	21	80	144	135	105	100	182	175	170	35	101	195	145	39	38	92	54	112	88	108	85	158	114	159	171	34	139	174	111	60	198	129	36	50	187	98	199	78	29	37	152	95	47	30	179	74	79	103	138	32	55	134	82	106	116	162	83	186	61	143	127	81	137	102	150	164	133	96	56	153	49	46	93	165	97	51	65	67	72	142	160	31	115	156	194	86	131	141	189	28	76	140	181	163	48	196	62																																																																																									
28	36	32	1	2	4	5	6	7	8	9	10	11	12	15	16	17	19	20	21	28	157	129	24	41	69	188	107	53	97	159	79	140	77	146																																																																																																																																																																			
81	67	175	0	1	4	5	6	7	8	9	12	13	15	16	19	20	21	23	94	92	116	80	100	133	161	83	81	30	181	40	144	127	85	75	152	71	198	159	87	155	130	59	145	76	55	104	91	65	124	39	108	25	88	140	67	138	62	137	147	117	46	158	51	173	27	107	119	35	121	103	26	90	84	79	194	170	78	125	120	89	56	192	113	50	52	183	141	69	43	41	177	112	189	168	86	68	106	172	197	163	165	42	66	166	134	44	190	185	95	73	29	148	70	151	38	109	193	53	33	162	114	34	77	143	63	150	132	74	149	57	28	167	176	131	142	93	97	179	45	36	188	111	122	64	72	135	180	184	82	129	98	154	105	123	156	60	47	32	128	49	157	139	169	115	31	110	126	61	99	153	96	174	102	175	54	164	160																				
40	35	83	1	4	5	7	8	9	11	12	15	16	18	19	21	24	106	157	148	127	176	156	168	66	170	59	46	164	62	144	189	124	58	57	29	122	149	138	195	40	196	80	72	83	69	90	54	199	85	155	102	177	37	87	111	95	184	137	61	197	160	194	96	185	42	125	100	146	79	150	104	26	50	64	47	159	154	135	49	140	99	161	51	89	34																																																																																																																
21	23	69	0	2	3	4	5	6	7	8	12	15	16	17	24	25	75	79	135	185	112	59	91	111	71	56	63	143	37	42	106	62	188	118	145	193	101	109	69	113	146	141	110	149	156	38	173	165	184	175	148	125	96	120	121	34	133	161	85	144	117	89	47	41	33	76	78	119	142	172	170																																																																																																																														
50	87	141	1	3	4	5	7	8	10	12	13	16	18	20	21	24	196	48	74	85	73	186	98	49	69	181	162	152	123	179	137	167	107	188	79	87	154	71	61	100	120	130	29	133	58	56	40	171	176	182	44	149	143	72	41	101	99	105	62	189	136	75	81	65	145	97	103	174	177	114	121	36	161	195	131	170	175	198	52	119	28	168	142	173	94	113	146	64	33	140	50	53	43	67	193	191	156	45	169	147	93	134	129	190	51	125	141	172	77	155	63	164	38	122	32	148	55	31	112	110	116	158	106	86	183	187	57	54	124	126	192	157	132	151	185	117	37	194	139	39	108	46	144																																																						
94	63	101	0	4	5	7	8	9	12	13	15	16	19	20	21	22	23	24	27	129	46	188	93	99	59	35	172	52	79	187	135	162	71	113	195	120	185	44	154	198	32	173	159	91	178	86	194	57	199	174	43	110	123	126	90	141	47	157	60	40	153	62	177	143	98	68	102	84	61	196	190	96	54	142	34	158	76	122	138	179	80	131	124	151	183	55	139	29	50	186	111	53	114	36	130	101	82	78	116	132	169	148	136																																																																																														
56	74	100	0	2	3	4	5	6	7	8	9	12	15	16	17	19	20	21	22	24	25	27	28	109	192	184	167	82	137	171	94	79	102	183	42	158	118	151	152	133	180	55	76	40	196	113	195	86	88	197	112	142	194	154	93	73	34	187	163	145	156	45	47	122	191	87	126	148	117	95	125	65	56	169	199	114	91	81	141	134	66	69	144	153	143	108	175	89	77	159	60	51	106	62	110	33	135	30	38	44	149	32																																																																																															
53	56	175	0	1	2	4	5	6	7	8	10	12	15	16	19	21	22	24	29	54	177	152	118	111	96	137	161	39	55	116	68	92	165	151	62	59	64	97	146	100	121	44	66	38	108	149	61	155	86	58	185	117	126	72	119	156	198	157	101	169	73	47	57	83	175	80	128	180	79	75	166	158	178	172	102	109	181	85	81	141	162	78	49	173	56	192	35	77	93	147	187	34	43	127	167	125	31	194	148	110	69	76	183	134	153	190	142	176	193	124	71	136	91	32	188	160	99	122	103	107	189	65	163	123	196	179	112	120	105	90	171	104	95	135	174	82	50	168	48	145	98	52	191	94	37	140	186	40	33	130	45	133	170	114	46	159	89	164	63	53	51	184	144	199	87	139	129	115	42	74	132	197	182	84	41	143	106																				
86	64	174	0	1	2	3	4	5	6	7	8	9	10	12	15	16	19	22	24	27	30	64	176	115	62	162	122	69	190	150	38	53	45	174	186	40	192	144	60	138	91	32	154	56	34	188	47	146	102	129	70	78	94	113	96	118	75	121	71	42	61	86	140	194	155	109	169	110	143	139	197	173	198	161	128	158	147	131	160	84	100	52	182	39	142	54	148	195	41	126	77	81	36	104	76	59	74	101	114	175	170	166	132	117	124	135	116	136	43	111	37	68	73	181	171	167	72	137	46	153	130	133	51	107	48	120	79	172	119	83	157	152	112	44	80	58	63	149	156	193	189	99	87	33	98	67	35	66	50	199	90	103	159	183	57	82	92	164	185	125	49	187	177	123	65	151	165	89	55	184	191	178	108	93	97	180																					
77	91	115	0	4	5	6	7	8	10	12	13	15	16	18	19	21	22	24	27	28	29	30	31	63	106	81	83	183	104	62	61	136	169	120	66	170	43	175	93	70	86	179	119	133	127	102	38	85	91	194	100	55	39	195	42	47	161	57	117	184	71	69	186	34	67	77	162	103	149	116	154	40	164	126	33	101	90	73	110	193	98	108	52	198	167	197	191	143	130	174	82	189	115	123	165	114	139	78	192	148	121	64	48	135	141	155	105	190	187	68	151	92	112	124	75	94	44																																																																																
97	69	52	0	1	5	6	8	10	12	15	16	17	19	21	24	26	27	29	30	31	32	134	91	40	123	122	67	147	149	55	88	72	57	124	145	156	90	137	69	85	176	120	138	63	59	117	98	93	174	148	146	56	102	105																																																																																																																																															
71	90	109	0	1	2	4	5	6	7	8	11	12	16	19	22	24	25	26	28	29	30	31	32	48	151	68	192	155	76	184	85	193	171	116	79	121	36	58	180	43	176	39	73	60	62	179	161	157	181	37	136	172	170	94	57	101	160	47	81	38	175	173	87	84	183	107	83	174	77	123	140	111	70	126	93	133	148	49	82	114	95	156	108	187	110	125	124	142	177	186	35	120	182	132	138	149	178	135	69	113	97	63	98	51	188	144	191	163	44	168	64																																																																																						
47	73	78	2	3	4	5	7	8	9	11	12	15	16	19	20	21	22	24	28	30	31	34	158	129	116	170	175	77	110	143	144	112	113	154	87	153	48	97	109	85	57	100	171	169	62	74	135	56	128	46	179	178	190	108	184	195	139	114	198	117	86	94	61	45	101	121	37	41	49	164	55	123	43	78	161	145	137	104	156	163																																																																																																																					
70	52	30	0	2	4	5	6	7	8	12	15	16	19	20	21	22	24	27	28	31	34	98	190	184	194	73	94	99	166	53	117	189																																																																																																																																																																					
57	62	78	0	4	5	7	8	9	10	12	13	19	21	22	25	26	27	30	31	34	35	58	178	166	42	79	127	118	71	119	190	142	133	112	110	152	53	101	174	191	170	84	159	73	151	141	158	180	167	100	107	143	76	161	138	51	67	49	181	189	44	175	114	57	78	172	39	70	187	145	130	188	66	140	117	199	135	61	160	97																																																																																																																					
98	90	134	0	1	3	4	5	7	8	12	16	17	18	21	22	24	26	27	29	30	31	32	34	71	134	65	45	177	199	167	102	165	87	171	119	111	84	68	138	192	39	64	73	116	110	184	86	51	72	135	145	91	88	74	159	173	90	62	47	186	160	48	188	43	190	121	61	52	122	185	46	107	109	101	53	81	77	76	195	78	182	131	56	161	83	147	57	158	93	70	174	143	128	79	162	169	69	196	100	180	63	89	104	140	66	175	129	193	151	149	40	94	80	136	114	148	103	179	178	168	141	194	50	120	183	125	142	54	85	82	105	67	112	123	187	155																																																													
98	71	55	0	1	3	4	5	6	8	9	10	12	13	16	17	19	21	22	24	27	30	31	32	34	37	38	64	146	66	97	168	43	191	118	165	129	163	169	162	136	183	75	185	130	160	192	123	117	119	77	98	184	171	50	78	85	157																																																																																																																																												
26	33	28	0	4	5	6	7	8	12	15	16	17	19	21	24	25	27	28	29	30	31	32	33	38	198	135	189	69	187	99																																																																																																																																																																							
16	26	139	0	3	4	5	7	8	12	15	16	20	21	23	24	26	27	30	31	35	61	44	62	151	147	107	170	191	181	184	46	85	175	172	188	73	149	179	161	106	97	83	133	103	186	59	50	87	137	168	128	176	162	192	116	82	68	167	113	159	135	156	187	146	196	69	86	60	112	109	75	131	81	189	77	43	177	117	157	153	101	141	98	138	70	154	152	140	105	88	165	136	65	198	64	102	164	194	99	66	79	52	125	169	178	199	100	130	134	80	57	193	48	67	89	74	96	160	142	127	104	173	158	94	171	72	121	92	51	49	144	120	150	110	91	126	174	183	54	115	118																																																								
92	88	160	2	4	5	6	7	8	9	10	12	13	15	16	21	24	25	26	29	30	31	32	37	175	45	72	165	101	52	106	166	135	190	122	74	66	82	49	139	183	83	140	112	109	174	48	104	115	88	44	93	179	59	97	87	71	56	77	145	154	107	114	124	84	173	186	146	156	191	78	79	177	118	181	187	134	167	182	116	43	61	81	180	159	58	76	194	144	99	98	198	86	110	62	143	171	128	89	178	111	149	126	152	131	70	196	176	108	85	129	105	47	120	157	63	138	137	46	130	172	64	100	57	69	119	96	188	148	195	163	68	75	160	127	151	185	162	184	123	55	95	164	189	121	132	90	125	103	193	170	50	168	51	113	155	136	158	141	192	54	65	133																																			
68	68	112	0	4	5	6	8	12	13	15	16	19	21	24	27	28	30	31	32	34	35	38	39	41	42	154	128	127	93	77	143	178	183	192	177	148	108	50	149	67	133	115	122	179	160	125	146	52	113	121	114	94	56	89	55	62	48	194	162	176	165	144	59	97	140	72	131	139	106	75	142	68	110	135	181	147	105	195	99	155	112	80	87	184	118	182	46	198	109	174	47	189	141	136	173	103	65	170	58	44	157	188	61	132	86	161	187	158	69	130	60	57	102	191																																																																																			
54	83	161	0	1	5	6	7	8	12	16	19	21	24	27	28	29	30	31	32	34	37	41	42	43	90	169	179	151	123	194	120	113	60	131	115	161	72	75	121	102	178	153	137	190	65	52	141	119	77	133	67	132	175	189	170	187	78	89	191	173	47	108	59	82	140	154	138	79	70	85	54	186	149	95	185	184	145	171	144	188	155	196	61	84	76	87	195	71	63	57	166	176	199	177	162	147	105	53	124	69	157	109	114	81	88	99	111	122	181	46	101	156	86	45	103	172	160	126	106	142	136	98	130	117	150	164	174	94	107	93	146	134	182	58	128	158	112	48	68	167	192	116	165	55	129	62	64	83	66	193	74	198	135	163	197	143	159	49	183	100	51	118	148																																		
91	96	147	0	3	4	5	6	7	8	12	15	16	19	20	21	24	27	29	30	31	35	38	42	44	169	87	47	93	77	65	168	199	76	176	51	158	135	57	119	89	130	186	132	117	127	165	160	110	109	75	175	164	156	99	96	86	154	115	155	55	184	134	111	181	106	114	173	61	124	171	84	113	185	68	151	190	146	83	71	144	78	66	72	170	182	94	166	103	48	98	136	129	177	108	194	131	50	174	60	121	193	62	64	139	118	102	122	85	161	188	140	74	138	183	49	167	137	192	142	163	56	105	187	112	126	128	79	159	153	157	145	198	58	120	97	133	148	179	80	162	189	54	95	147	101	196	52	46	178																																																
91	87	93	0	1	3	4	5	7	8	10	11	12	13	15	16	19	22	24	25	27	28	30	31	35	38	41	42	43	44	45	194	117	179	143	89	71	50	173	114	101	97	75	132	56	158	67	94	106	57	72	149	53	119	86	109	63	146	47	82	78	83	122	156	73	195	127	103	147	197	121	81	76	55	198	96	62	93	51	112	59	148	161	99	150	140	116	185	175	165	126	141	180	144	178	186																																																																																																						
41	71	159	0	2	5	7	8	9	10	11	12	16	18	21	22	24	25	26	28	29	30	31	32	34	38	42	43	44	45	46	175	124	82	132	198	191	121	143	135	79	164	56	101	71	74	120	94	133	171	81	173	182	151	51	142	150	138	59	117	83	76	145	72	67	89	193	50	189	166	108	116	102	68	153	192	77	156	106	84	105	103	95	112	60	97	65	152	55	139	197	96	49	170	88	157	194	141	136	62	90	169	186	58	75	167	125	111	130	172	63	52	99	78	86	69	66	126	159	195	53	92	176	163	160	128	134	158	93	180	85	147	199	162	91	70	149	129	115	187	154	177	48	144	179	57	100	181	107	87	110	127	165	61	140	161	119	184	123	185	80	168																																				
17	22	82	0	2	4	5	7	8	9	10	12	16	21	22	27	30	31	32	34	35	38	41	42	43	44	45	47	106	92	159	136	164	137	139	124	60	89	93	105	83	62	143	185	145	196	85	180	102	120	68	153	96	113	197	179	74	148	189	65	183	61	122	57	191	195	58	79	131	150	134	118	121	54	123	104	81	156	133	171	87	176	97	84	138																																																																																																																	
39	34	62	0	1	2	4	5	6	7	8	10	12	15	16	20	21	22	24	25	27	30	31	34	35	37	41	42	44	45	47	154	156	118	90	119	69	198	183	102	157	180	177	187	159	143	152	178	106	144	162	153	127	100	86	51	77	173	148	68	61	193	82	164	55																																																																																																																																					
77	59	36	0	2	4	5	6	9	10	12	16	18	19	20	21	22	24	25	27	28	30	31	38	39	41	42	43	45	46	47	141	97	179	126	192	103	143	83																																																																																																																																																															
27	46	135	0	1	4	5	6	7	8	12	13	15	16	19	20	21	22	24	25	27	29	30	31	34	37	38	41	42	44	45	46	47	49	181	114	79	77	135	112	101	125	174	172	159	194	74	166	191	85	179	104	92	149	184	133	165	115	70	154	91	95	94	132	52	148	80	61	72	111	162	147	66	150	118	139	87	89	153	188	156	75	119	127	173	140	108	69	78	67	193	123	182	54	189	145	161	196	131	128	192	143	57	167	160	117	136	88	86	120	138	96	168	58	83	124	71	129	176	82	62	56	68	100	137	170	99	134	183	121	180	187	55	199	163	63	90	157																																																												
89	69	95	0	2	4	5	6	7	12	15	16	18	19	21	24	27	28	30	31	32	38	41	42	43	44	45	47	51	72	163	96	180	177	126	196	99	110	124	73	159	169	102	198	183	172	94	144	77	68	138	193	190	106	132	170	195	116	83	112	139	166	130	92	84	149	182	69	164	178	71	171	179	62	127	153	105	140	80	78	89	79	76	148	147	59	107	152	154	108	134	104	121	74	118	57	91	142																																																																																																				
54	73	159	0	3	5	7	8	9	10	12	15	16	19	21	23	24	27	28	30	31	36	37	38	44	46	47	63	197	116	85	139	84	167	134	188	163	125	165	100	140	64	105	82	147	179	148	135	102	107	158	154	175	111	146	56	77	198	166	187	91	121	193	191	127	65	94	190	123	192	172	161	160	73	144	168	157	54	117	55	80	114	164	78	184	129	83	142	143	132	141	155	104	101	169	59	93	90	145	138	109	95	118	74	92	194	103	112	87	128	153	98	183	151	110	181	174	152	173	122	159	178	79	176	88	99	186	113	58	170	180	195	149	126	66	133	171	189	70	162	76	130	185	97	106	60	72	182	86	120	67	124	81	150	136	137	196	89	156	108	71	61																																				
61	55	49	0	3	4	5	7	8	10	12	15	16	20	22	24	25	27	28	30	31	38	41	42	44	45	48	51	53	93	151	172	91	163	80	107	181	191	79	119	61	87	141	118	154	180	188	76	144	101	64	158																																																																																																																																																		
69	49	120	0	4	5	6	8	12	15	16	19	21	22	24	27	28	29	30	31	32	33	35	42	43	44	45	46	47	49	51	53	156	95	77	74	73	112	141	140	194	137	162	163	158	190	143	100	85	152	133	114	136	67	130	142	173	165	80	109	160	64	182	108	127	169	88	186	106	131	76	187	199	98	96	56	196	159	58	128	81	84	176	132	157	177	83	99	82	198	154	172	153	75	120	122	193	71	69	105	124	179	125	68	107	192	61	149	94	62	184	126	117	66	89	87	129	147	183	185	102	151	195																																																																											
47	73	54	0	2	5	6	8	12	15	16	19	21	22	24	26	27	29	30	31	33	35	38	42	43	45	46	47	51	53	55	193	163	73	74	119	124	166	143	157	186	178	160	61	99	102	128	182	109	95	141	100	188	171	137	125	145																																																																																																																																													
48	64	114	0	1	4	5	7	8	10	12	15	16	19	20	21	24	25	27	28	30	31	32	33	34	35	37	38	41	42	43	44	45	46	47	48	51	52	189	167	183	124	108	100	194	187	122	164	136	163	173	168	195	175	85	196	115	121	153	96	91	132	191	157	186	107	81	94	66	141	90	160	99	174	116	154	126	150	123	105	75	93	192	88	102	86	117	111	68	171	179	78	133	198	71	137	182	180	130	135	143	190	118	142	61	138	97	146	129	80	181	169	98	125	92	65	112																																																																																	
77	57	103	0	2	3	4	5	7	8	9	11	12	16	21	25	27	30	31	34	37	42	43	44	45	47	48	51	53	55	74	158	69	192	89	90	148	180	108	138	96	195	175	123	125	170	122	93	198	199	135	126	106	186	59	104	162	98	73	67	191	114	143	79	81	129	172	153	66	193	101	174	121	87	60	61	181	145	154	176	128	115	168	139	165	103	133	92	120	187	111	173	188	178	194	127	124	85	113	84	65	76	161	72	150	91																																																																																												
43	70	162	0	2	4	5	6	7	8	12	15	16	18	19	20	21	24	25	26	28	30	31	33	41	42	43	44	46	47	52	53	58	195	70	192	73	163	194	87	186	198	137	193	139	125	83	80	187	114	132	66	134	144	196	97	169	72	197	62	136	142	127	100	182	173	146	71	84	166	94	175	172	149	180	105	189	93	133	79	63	140	119	141	159	138	158	145	156	199	101	143	86	150	61	106	153	170	118	135	120	124	74	99	92	154	64	67	60	111	165	122	176	130	103	126	177	148	152	129	82	185	131	102	121	89	91	81	113	78	167	188	76	117	168	178	96	68	88	112	160	181	190	104	164	183	123	69	75	151	174	110	162	116	179	108	171	98	90	77	184	147	157	161	107																																	
54	96	31	0	1	3	4	5	6	7	8	9	11	12	16	19	21	22	24	28	29	31	34	41	43	44	45	47	48	53	58	59	169	79																																																																																																																																																																				
6	12	53	0	5	7	8	12	13	16	17	19	20	21	22	24	25	27	28	30	31	32	35	37	38	41	42	43	44	45	47	48	49	51	53	54	55	56	57	58	59	168	142	167	87	152	73	102	174	70	80	116	196	101	64	169																																																																																																																																														
36	65	146	0	4	5	6	7	8	9	10	11	12	14	15	16	17	19	21	22	24	25	26	27	28	29	30	31	32	34	35	38	41	42	43	44	45	46	47	48	51	52	55	59	182	180	190	128	193	178	141	85	153	167	116	146	82	63	108	101	137	75	111	183	156	144	69	95	78	177	199	127	121	105	197	64	160	80	158	74	188	109	191	99	185	89	77	194	98	130	142	170	83	198	195	113	120	151	96	91	93	164	175	76	133	171	68	125	66	157	115	143	163	84	79	72	94	136	107	140	117	159	104	88	169	122	67	168	189	150	154	181	106	126	176	70	129	132	87	102	71	92	187	131	145	100	138	97	184																																																	
57	38	51	0	1	3	5	6	10	12	15	16	19	21	24	26	27	30	31	32	33	34	38	42	44	46	47	51	53	59	62	155	70	195	127	92	77	171	139	185	165	174	103	102	181	84	120	115	104	159	154	141	68	81																																																																																																																																																
45	68	87	0	1	5	6	7	8	9	10	12	17	18	20	21	24	25	27	30	31	32	34	38	39	41	42	44	45	53	54	55	59	61	62	125	122	102	126	134	171	161	139	93	88	71	166	186	100	116	146	175	117	99	193	149	74	165	178	86	199	184	170	131	156	173	152	169	150	145	103	180	66	179	104	162	108	73	72	95	160	79	183	76	120	155	123	97	107	138																																																																																																												
56	49	99	0	1	2	3	4	5	7	8	11	12	16	18	19	21	22	24	27	29	30	31	38	41	42	43	44	45	47	48	53	57	58	190	177	96	182	134	77	189	113	146	70	116	156	170	121	99	114	154	164	165	179	88	138	111	186	97	149	85	141	168	143	135	145	89	112	151	167	83	175	192	185	101	142	92	147	191	152	110	115	166	163	173	100	95	144	69	68	87	75	67	86	117	102	172	136	72	131	193	130																																																																																																
61	54	61	0	3	5	7	8	9	11	12	17	19	21	24	25	29	30	31	32	37	38	39	41	42	44	45	47	51	53	55	57	58	59	62	64	74	83	161	82	174	71	143	158	73	182	86	117	84	139	91	125	178	100	168	148	192	97	107	188	151	94	68	122																																																																																																																																						
89	63	105	0	2	4	5	6	7	10	12	13	16	17	19	22	24	27	31	32	33	37	38	41	43	44	46	47	51	53	55	58	59	62	65	92	78	139	168	186	190	142	164	155	146	131	119	84	187	184	97	74	85	167	159	106	129	149	179	94	88	79	161	113	102	185	136	194	132	111	165	89	95	126	80	125	72	71	188	189	135	121	171	151	134	178	83	141	182	130	128	166	147	183	87	115	160	170	162	145	127	73	199	114	70	108	98	140																																																																																										
67	54	49	0	4	5	6	7	8	9	12	13	16	20	21	24	28	30	31	32	34	38	41	42	43	44	45	47	48	49	51	52	55	57	59	62	63	65	66	179	116	109	87	190	122	127	197	189	174	171	123	77																																																																																																																																																		
83	65	53	0	2	4	5	6	7	8	9	11	12	15	16	21	23	24	25	26	27	29	30	31	32	33	34	38	40	41	42	43	44	47	49	51	52	55	58	59	62	65	164	198	158	178	152	113	161	131	114	83	156	71	179	103																																																																																																																																														
86	66	83	0	4	5	6	7	8	10	12	16	17	20	21	24	31	32	34	37	38	41	42	44	47	51	53	59	61	62	63	65	67	105	145	138	163	89	133	88	169	183	160	96	186	184	198	128	110	86	185	199	92	149	84	121	178	130	151	137	135	113	117	103	193	168	164	75	74	125	127	134	159	100	136	141	129	98	77	147	132	71	81	108	118	120																																																																																																																
63	56	46	0	2	3	4	5	6	7	8	9	11	12	15	16	21	24	26	27	28	30	31	32	37	38	42	44	45	46	47	51	52	53	55	57	59	62	64	66	67	69	70	87	91	104	85	180	105																																																																																																																																																					
49	93	91	4	5	7	8	9	12	13	15	17	19	21	22	24	25	27	30	31	33	38	41	42	43	44	45	46	47	51	52	53	58	59	62	64	65	67	74	94	132	134	73	170	171	196	150	92	190	112	194	178	123	162	145	164	192	83	195	172	89	93	125	100	159	136	147	127	146	81	130	141	75	199	189	153	163	152	99	151	117	143	149	161	142	169	114	111	115	177	88	105	144	138																																																																																																								
59	66	54	0	2	4	5	7	8	11	12	13	16	17	24	27	29	30	31	32	34	36	37	38	41	46	52	53	55	56	58	59	61	64	66	67	72	138	135	116	147	102	106	109	96	137	193	123	128	176	115	182	178	88	171	183	112																																																																																																																																													
48	34	116	4	5	6	7	8	11	12	15	16	19	21	22	24	27	30	31	35	38	41	42	44	45	47	48	51	52	53	55	56	58	59	62	64	66	67	70	72	103	126	121	193	86	115	187	113	131	170	186	84	188	142	164	149	99	165	197	109	190	182	180	158	106	128	96	77	155	174	145	183	104	176	83	93	108	179	156	116	132	137	105	147	172	192	140	157	122	107	194	189	87	184	117	119	114	161	177	97	195	171	123	166	129	198	90	120	168	199	102	191	85	112	144	98	124	88	89																																																																															
29	54	131	0	1	2	4	5	7	8	10	12	15	16	19	24	26	27	30	31	32	39	41	42	43	44	45	46	47	51	55	57	59	62	65	70	72	197	183	187	144	124	163	112	128	179	93	131	103	102	191	196	159	178	80	193	113	108	117	145	184	182	88	192	150	165	181	185	153	127	155	195	104	198	98	167	175	81	171	100	154	168	174	166	109	122	76	172	123	157	87	121	146	194	90	164	133	85	91	149	115	134	188	107	169	137	186	92	147	180	119	78	105	79	99	77	190	141	158	176	97	189	130	125	116	126	177	143	89	118	101	199	96	138																																																																
91	93	51	0	2	3	4	5	6	8	9	12	15	16	19	20	21	22	24	26	28	29	30	31	34	37	38	42	44	45	46	47	52	53	54	55	58	59	62	64	75	150	98	111	89	139	123	106	135	156	191	174	140	78																																																																																																																																																
23	24	88	0	3	4	5	7	8	12	15	19	21	23	24	27	29	30	31	32	34	35	38	39	41	42	43	44	45	47	49	51	52	53	55	59	62	63	65	68	70	74	75	145	160	188	103	114	91	185	118	176	169	78	127	144	137	117	135	191	133	153	89	92	97	161	86	172	198	82	128	146	136	121	138	192	155	98	105	164	84	124	116	102	131	186	152	79	158	163	171																																																																																																											
29	55	148	0	2	4	5	6	7	8	12	13	15	16	19	21	22	24	26	28	30	31	32	35	37	38	39	42	44	45	46	47	51	52	53	57	59	62	67	75	76	77	146	113	165	194	88	103	150	189	192	130	180	148	185	160	97	117	89	79	155	149	143	141	184	134	84	166	164	129	96	139	110	91	199	93	99	186	151	167	162	145	193	174	85	80	95	87	119	181	114	173	104	133	108	161	188	196	179	172	81	183	122	112	102	197	195	156	132	154	128	198	98	144	105	135	147	137	116	182	107	125	142	159	175	126	120	177	170	127	152	153	190	121	140	191	178	94	163	101	90	138	123	92	136	187	83	158	82	168	157																																															
57	64	158	0	2	4	5	7	8	10	11	12	16	17	18	19	21	22	23	24	25	26	27	28	29	30	31	34	37	38	41	42	44	45	47	48	51	52	53	54	58	59	60	62	64	67	75	77	78	181	89	137	87	122	158	142	117	169	92	172	175	149	155	104	161	163	101	141	198	98	128	167	106	114	154	165	83	194	105	168	157	192	126	171	156	133	91	153	116	115	152	189	123	166	131	186	125	195	197	86	188	187	132	184	85	124	112	143	118	110	88	93	107	138	183	160	174	178	84	95	103	82	136	97	139	94	190	150	159	173	191	170	193	81	176	127	144	196	148	100	140	135	129	108	147	177	109	146	80	182	120	96	151	164	113	185	90	102	99	199	134																																					
48	86	39	0	1	2	3	5	6	8	12	15	16	19	21	22	24	25	28	30	31	38	41	43	45	47	51	52	53	54	55	57	59	61	62	67	75	78	79	90	162	110																																																																																																																																																												
91	87	115	0	3	5	7	10	11	12	13	19	21	22	24	27	29	30	31	32	34	38	41	42	44	46	47	48	53	55	57	58	59	63	70	72	75	78	79	116	152	187	114	151	154	162	119	158	117	90	106	179	87	144	168	126	155	89	132	141	131	196	194	121	137	88	107	120	161	91	92	139	111	142	149	182	169	129	167	93	159	193	109	112	183	192	199	82	130	189	157	186	164	97	127	143	124	140	113	104	123	108	195	198	174	95	122	85	101	171	191	147	133	156	177	176	146	102																																																																																
91	96	146	0	2	3	4	5	7	8	9	12	16	17	20	21	22	24	28	29	30	31	32	34	38	41	42	44	46	47	49	51	53	55	59	62	66	77	78	79	81	198	192	113	186	183	136	138	132	131	167	86	177	158	199	116	143	165	157	142	168	169	106	137	162	197	152	155	83	181	109	179	160	94	145	182	107	159	111	172	124	151	178	170	117	134	110	92	166	126	97	123	153	108	146	99	149	95	100	98	176	189	105	125	104	85	112	185	133	190	150	171	127	88	96	90	194	121	91	184	115	147	173	120	87	175	144	128	180	156	130	114	139	161	148	102	193	89	174	195	196	191	122	135	140	84	103	118	129																																																	
47	41	144	0	1	3	4	5	6	7	8	11	12	13	16	17	19	21	22	24	25	30	31	32	34	38	41	42	44	45	46	47	48	50	51	52	53	55	59	62	65	66	67	69	72	74	78	79	82	171	190	91	166	175	95	108	111	130	165	133	97	140	94	193	112	143	191	107	170	182	150	168	99	134	153	126	117	192	121	98	86	173	158	149	127	163	113	157	183	199	100	124	152	164	159	139	122	180	132	178	106	110	186	184	120	194	188	144	187	162	174	109	146	145	128	185	123	181	148	84	138	101	125	155	116	156	129	197	154	103	114	96	136	88	176	131	161	177	195	119	102	198	115	167	93	87	169																																																			
87	64	110	2	5	6	7	8	9	10	12	13	16	19	20	21	24	28	30	31	34	37	38	42	44	45	47	48	52	53	55	58	59	62	63	66	67	70	74	77	78	79	82	83	138	113	187	103	126	100	142	99	119	181	143	149	191	189	183	190	145	127	174	199	194	148	176	140	117	186	98	177	159	137	94	95	102	133	198	105	147	118	87	141	85	109	163	195	162	89	161	112	171	184	92	136	116	152	129	172	164	132	121	175	108	88	146	114	110	107	150	155	90																																																																																					
38	67	162	0	4	5	6	7	8	9	12	13	15	16	17	19	20	21	22	24	25	26	27	30	32	33	34	35	38	39	41	42	44	45	47	48	51	53	55	57	58	62	65	67	71	74	75	78	79	81	82	84	98	116	141	113	196	136	190	91	137	145	171	112	154	191	158	174	126	184	122	195	120	114	138	165	129	179	86	130	193	157	182	189	161	119	134	176	88	197	142	181	152	107	135	104	192	133	166	94	131	172	93	95	89	132	162	180	140	124	110	159	102	163	97	111	146	106	178	177	175	156	115	100	183	194	105	160	167	186	185	128	139	169	155	173	121	144	153	149	199	118	108	148	187	188	164	123	127	168	117	101	125	170	90	96	150	87	151	99	92	147	143	109	103																																	
78	75	129	0	4	5	7	8	9	12	15	16	19	22	24	27	28	29	30	31	32	35	38	41	42	43	44	45	46	47	49	51	53	57	59	64	65	66	70	74	77	79	82	83	85	193	181	110	166	176	107	130	147	141	156	123	87	182	169	192	179	125	132	108	102	153	95	191	106	159	185	118	144	188	115	180	138	177	161	190	167	93	137	149	171	97	197	100	89	152	113	114	104	163	189	134	91	120	183	155	124	196	151	162	164	146	139	135	154	88	96	116	103	150	143	127	92	175	148	111	140	157	184	187	168	199	129	170	109	194	99	101																																																																		
78	83	127	0	1	3	4	5	7	8	10	12	15	16	21	24	25	27	29	30	31	34	35	38	41	42	43	44	45	47	48	51	53	54	55	58	59	61	62	65	67	68	71	74	75	78	79	81	82	83	84	85	86	173	174	121	92	151	184	148	178	109	157	97	124	140	165	107	146	156	144	192	193	158	143	118	99	199	160	91	98	181	111	135	117	106	176	126	89	198	168	102	127	130	134	100	96	163	153	182	110	164	128	186	132	119	115	149	123	189	185	175	162	183	152	170	179	138	190	90	120	155	116	147	150	139	187	131	142	93																																																																				
45	75	74	2	4	5	6	7	8	12	13	15	16	17	19	21	22	24	29	33	38	41	42	44	47	51	53	55	57	59	62	64	65	67	70	72	73	74	75	78	79	81	82	83	84	85	86	131	106	117	164	109	89	103	94	123	136	115	99	190	102	151	95	138	160	186	113	188	114	140	122	180	179	172	141	143	196																																																																																																																									
42	30	135	0	2	3	4	5	6	7	8	11	12	13	15	16	19	20	21	24	25	26	29	30	31	38	41	42	43	44	45	46	47	48	51	52	53	55	58	59	62	65	67	70	72	74	75	76	77	78	79	81	82	84	85	86	87	88	109	172	149	162	117	175	163	177	100	129	136	141	135	116	156	168	167	106	164	151	161	140	124	198	181	166	119	145	148	95	93	113	157	150	104	197	130	184	155	178	134	92	122	127	190	110	185	146	158	182	147	94	176	137	160	128	102	153	99	193	199	170	91	179	186	139	154	108	103	196	173	195	107	143	192	133	171	174	189	183																																																												
57	100	99	4	5	7	8	10	12	16	19	20	24	25	28	30	31	32	33	38	42	44	47	49	51	53	57	58	59	74	75	78	79	80	81	82	84	85	87	114	97	143	131	136	170	98	100	149	135	158	115	121	137	162	151	110	179	93	107	190	112	122	144	168	138	146	159	95	199	105	126	177	103	156	132	152	104	169	99	111	94	141	183	139	123	125	101	172	140	192	145	174	157	106	191	178	129	180	167	119	128	173																																																																																																
36	33	122	1	2	4	5	6	7	8	9	10	12	15	16	19	20	21	24	26	28	29	30	31	32	33	38	41	47	51	52	53	54	57	58	59	62	66	71	75	77	78	79	81	82	83	85	86	87	89	191	127	147	155	167	109	100	195	115	132	130	134	174	111	105	152	184	157	120	137	178	108	142	133	110	158	146	170	139	168	104	144	94	114	166	154	160	185	171	172	153	122	162	199	125	140	112	194	176	179	116	150	123	141	107	193	97	192	156	177	159	186	187	190	189	106	180	163	128	95	131	198	164	96	175																																																																									
64	96	139	0	4	5	6	7	8	10	11	12	15	17	22	24	30	31	32	41	47	48	51	52	53	57	58	59	62	63	65	67	70	72	75	77	78	79	81	82	84	85	86	87	89	116	138	118	179	173	194	109	157	129	98	168	172	113	141	199	135	184	102	189	105	100	145	193	176	106	107	187	188	144	127	164	151	115	196	122	146	165	163	140	185	121	130	119	149	180	108	95	143	183	167	148	117	93	195	192	123	126	120	131	174	166	110	104	175	94	190	152	133	191	128	177	158	132	181	96	103	161	186	153	159	112	125	162	169	136	142	171	197	99	114	178	156	155	97	147	154	198																																																								
63	64	121	0	1	4	5	6	7	8	9	10	12	15	19	20	21	22	24	27	28	29	30	31	32	33	34	38	42	43	44	45	46	47	48	53	54	57	58	59	62	64	72	74	75	78	79	81	83	85	86	87	89	90	92	140	182	118	141	96	135	129	175	158	148	147	112	95	181	144	194	99	138	171	104	165	190	167	107	157	146	101	123	193	97	174	102	198	145	189	151	116	185	143	184	137	105	191	176	179	196	121	134	120	136	142	94	130	154	187	98	133	183	173	172	153	160	115	155	164	188	195	139	103																																																																										
71	66	51	0	1	5	6	7	8	9	12	15	16	18	19	24	27	29	30	31	32	34	35	36	38	41	43	44	45	46	47	51	52	53	55	57	59	62	66	67	72	78	79	82	83	84	85	88	89	90	91	92	93	133																																																																																																																																																
40	32	114	4	5	7	11	12	16	22	24	25	29	30	34	42	44	45	47	51	53	55	56	62	64	65	67	78	79	81	82	83	84	85	86	88	89	90	91	92	93	133	139	115	192	179	159	181	127	102	107	169	120	146	170	108	116	134	125	157	148	142	158	118	187	152	194	178	186	121	138	122	166	128	168	189	119	197	175	176	198	111	101	185	112	126	145	97	144	155	140	124	151	180	105	195	150	191	167	100	182	153	174	193	136	162	106	160	141	129	113	137	109	98	123	190	135																																																																																	
47	67	54	0	2	4	5	6	7	8	9	12	15	16	21	22	24	25	26	28	30	31	41	42	45	46	47	48	51	52	55	57	58	59	62	65	70	73	74	75	78	79	82	83	85	86	87	91	92	93	192	179	145	157	174	114	190																																																																																																																																													
94	96	87	0	1	3	4	5	7	8	9	10	11	12	16	18	21	22	23	24	27	30	31	34	35	37	39	41	42	43	45	46	47	48	50	53	57	59	62	64	65	66	67	74	75	77	78	79	81	82	83	85	86	87	90	91	92	93	95	191	129	130	121	156	166	177	167	153	104	113	188	197	168	140	128	184	194	115	109	146	181	100	144	182	165	198	169	178	98	163																																																																																																												
48	89	81	1	3	4	5	6	7	9	10	12	13	16	19	21	22	24	27	28	30	31	32	33	34	36	39	41	42	44	45	53	55	57	58	59	62	67	70	74	75	76	77	78	79	82	83	84	85	87	90	92	93	95	97	198	111	143	105	152	159	183	118	154	158	160	101	155	117	171	116	150	195	106	137	196	144	132	175	169	186	189	124	112																																																																																																																		
67	70	112	0	1	4	5	6	7	9	10	11	12	13	15	16	17	19	20	21	24	25	27	28	30	31	36	40	41	42	43	44	45	46	47	51	52	53	55	56	57	59	62	64	65	72	74	75	78	79	82	83	84	85	86	87	88	89	90	92	93	139	176	114	180	126	109	140	119	153	172	143	145	144	169	162	189	116	190	188	142	161	148	137	159	107	110	118	151	133	199	103	167	115	173	185	129	136	179	154	134	111	157	152	158	147	197	165	193	191	102	177	106	184	123																																																																																			
69	62	65	2	4	5	7	8	10	12	15	16	19	20	21	22	24	25	27	30	31	32	35	37	38	41	42	44	47	49	51	53	55	56	57	59	62	64	65	66	70	72	75	79	82	83	84	85	86	87	89	90	91	92	95	97	162	183	113	170	184	135	137	127	119	102	124	199																																																																																																																																		
72	79	143	0	1	2	4	5	6	7	8	12	15	16	20	21	22	26	27	28	30	31	32	34	35	37	38	41	42	44	45	46	47	51	53	54	58	59	61	62	65	75	78	79	81	83	85	86	90	93	95	98	151	120	128	183	174	169	164	175	104	167	122	155	150	117	161	176	192	148	106	132	144	162	160	182	149	181	163	108	158	186	116	185	134	103	136	147	166	152	141	123	154	133	125	187	139	178	171	129	193	172	126	113	137	112	105	146	121	184	102	130	143	145	127	157	140	159	107	188	115	153	177	199	170	109	142	189	138	168	173	195	119	165	197	190	111	191	198	110	179	124	114	135	131	194																																																				
74	90	136	0	1	5	7	8	9	11	12	13	16	17	20	21	22	24	25	28	29	30	31	32	33	38	41	43	44	45	47	48	49	52	53	55	56	57	59	61	62	63	64	65	67	73	74	75	77	78	79	81	82	83	84	85	86	87	88	89	92	93	95	99	100	101	142	151	123	146	106	131	188	137	198	145	196	155	179	143	129	136	181	139	194	140	165	104	184	159	117	158	187	122	182	193	115	169	147	170	167	152	135	132	141	138	195	178	144	110	175	154	191	120	173	199	161	107	166	156	171	116	148	176	127	192	160	105	130	172	149	121	168	153	114	180	124	125	150																																																											
23	31	52	0	4	5	7	8	9	12	13	16	18	19	20	22	24	27	30	31	32	38	41	42	43	44	45	46	47	50	53	58	59	63	64	69	70	74	75	77	78	79	82	83	84	85	86	88	89	90	92	93	99	101	153																																																																																																																																															
90	63	83	0	2	4	5	6	7	8	9	10	11	12	13	15	16	19	24	25	30	31	32	35	38	41	42	48	51	52	53	58	59	62	63	64	71	74	75	78	79	81	82	85	86	89	90	91	92	93	97	101	102	152	195	121	192	137	149	115	157	189	132	166	172	127	126	184	130	145	122	171	175	180	118	116	143	155	170	163	178	108	114	135	176	111																																																																																																																
59	71	96	0	2	3	4	5	6	7	8	12	16	17	22	24	27	30	32	33	38	41	42	43	44	45	47	48	52	53	55	57	59	62	70	71	72	74	75	77	78	79	82	84	85	90	91	92	93	95	98	101	102	130	191	123	125	155	166	116	174	107	117	138	179	156	159	150	137	115	145	112	182	142	133	169	106	193	167	162	199	170	185	157	124	168	140	173	152	165	158	188	171	113	175	134	198	195	147																																																																																																			
14	22	100	0	1	2	4	5	6	7	8	9	12	15	16	17	19	20	21	22	24	25	26	27	29	30	32	41	42	43	44	45	46	47	48	49	52	53	55	58	59	62	67	73	74	76	79	81	82	83	85	86	87	88	89	90	91	92	95	98	99	101	102	105	120	161	159	146	191	125	116	154	166	124	148	188	198	108	145	173	152	138	153	134	168	182	174	122	151	115	160	114	136	172	190	164	133	195	157	181	126	189	165																																																																																															
35	34	110	0	4	5	6	7	8	9	10	12	15	16	23	24	27	30	31	34	37	38	41	42	44	47	52	53	54	55	57	59	62	64	66	74	75	78	79	81	82	83	84	85	86	87	89	90	91	92	93	95	99	101	102	105	116	129	155	167	194	187	173	160	176	180	149	192	197	135	181	108	110	114	142	131	190	159	125	121	134	189	179	154	143	126	175	199	198	171	150	122	120	156	109	169	112	152	178	182	174	168	151	117	158	166	147	185	136	124	164	140	184																																																																																					
90	63	115	0	1	4	5	6	7	8	12	16	19	20	21	22	24	27	29	30	31	32	34	35	42	43	44	45	47	51	52	53	55	57	58	59	62	64	67	70	74	75	78	79	81	82	83	84	85	86	89	91	92	95	101	104	106	107	151	182	165	118	154	161	167	192	198	188	131	149	179	113	142	166	124	111	180	181	126	171	121	143	169	137	147	156	183	187	177	129	160	176	184	115	152	125	128	110	136	162	189	130	185	138	173	150	191	190	144	122	133	112	170	168	135	175	132	140																																																																																
46	85	129	0	4	5	7	8	9	10	12	13	15	16	21	24	26	29	30	31	35	38	41	42	43	44	45	46	53	55	56	62	68	73	74	75	79	81	82	83	84	85	86	87	88	89	91	92	95	97	99	101	107	166	190	193	120	121	136	111	140	142	129	181	160	116	178	147	174	148	154	138	155	195	119	110	171	163	165	130	185	135	126	113	144	145	162	151	175	122	134	179	199	173	117	152	127	124	184	192	156	172	188	176	141	118	149	146	197	189	187	177	167	182	196	115	194	132	114	168	133	123	186	198	131	159	180	128	191	170	139	137																																																																		
18	13	135	0	2	4	5	8	12	15	16	19	20	21	24	26	27	28	29	30	31	32	34	35	37	38	41	42	43	45	47	52	53	59	65	70	78	79	80	82	83	84	85	86	87	89	90	91	92	99	101	102	107	108	109	195	158	189	163	116	176	154	182	130	141	164	119	169	151	187	122	181	117	180	145	135	131	149	115	168	166	111	177	155	170	126	190	193	185	150	146	136	113	114	125	153	147	132	183	188	198	162	178	161	128	129	139	137	186	184	191	127	174	123	133	140	157	121	192	152	142	144	112	148	165	196	134	179	156	143	124	199	160	118	173	120	167	172																																																												
46	87	140	0	1	4	5	7	8	9	12	13	15	16	17	19	21	22	24	25	26	28	30	31	34	38	42	44	45	47	51	53	57	58	59	62	65	67	72	76	81	82	83	85	86	87	90	91	95	98	99	101	104	108	109	110	150	148	178	158	151	170	176	140	143	185	117	138	159	119	131	188	153	184	167	173	191	135	136	146	113	114	147	122	144	126	120	175	166	139	179	142	137	128	193	124	133	182	187	132	164	171	162	129	161	163	130	194	186	127	155	172	118	174	189	145	125	149	190	196	168	180	154	116	177	157	197	141	134	165	123	181	195	112	169	183	115	198	152	121	156	192	160																																																							
49	39	122	0	4	5	6	7	8	9	10	12	13	15	16	20	22	24	26	27	29	30	31	32	35	37	38	41	42	43	44	45	46	47	51	52	53	55	57	59	65	72	73	74	75	78	79	81	82	83	84	85	90	91	92	93	95	98	101	105	107	108	110	111	159	158	120	143	185	188	186	167	150	138	134	170	117	181	162	123	149	155	132	131	179	119	130	139	178	145	161	156	137	165	148	169	173	126	189	195	191	124	172	182	177	157	144	140	196	121	160	129	192	122	116	151	174	154	198	136	175	184	197	115	147																																																																									
33	33	122	0	3	4	5	6	7	8	9	11	12	15	16	19	21	24	26	27	28	29	31	34	35	41	42	43	44	45	48	53	58	59	62	65	67	69	70	74	75	78	79	81	82	83	84	85	86	88	89	92	95	97	100	101	105	108	109	110	111	143	181	161	194	167	172	169	120	192	150	157	197	147	127	129	187	165	162	139	124	122	134	123	166	142	190	168	151	196	130	128	116	125	137	186	141	171	191	164	175	115	140	149	198	195	180	121	135	114	188	184	131	144	136	119	177	199	185	163	158	145	176	154	132																																																																									
57	90	69	0	1	3	4	5	6	7	8	12	13	17	19	21	22	24	27	28	29	30	31	32	34	35	37	38	42	43	44	45	46	51	53	55	58	59	65	67	69	72	74	77	78	79	81	82	83	84	85	86	88	90	91	92	96	99	101	102	104	106	107	109	110	111	113	159	193	178	181	134																																																																																																																														
47	52	124	0	5	7	8	12	16	19	20	21	22	24	30	31	32	41	42	43	44	45	47	51	57	58	62	63	65	67	72	73	74	75	79	82	83	85	86	87	88	90	91	92	93	95	97	99	101	102	104	105	106	108	109	110	111	112	113	181	157	161	124	148	178	198	188	141	143	190	180	149	195	170	145	199	146	131	130	197	132	187	162	120	150	196	156	183	173	147	185	155	135	164	169	154	144	179	165	153	166	119	128	129	116	191	186	137	121	175	134	182	125	171	172	126	167	158	152	160	192	123	117	189	177	140	139																																																																							
80	60	73	0	2	4	5	6	7	8	9	12	16	19	22	24	27	28	30	31	32	34	35	38	41	42	44	46	47	52	53	57	59	61	62	64	65	68	73	74	75	77	78	79	81	82	83	84	85	86	87	89	91	92	93	95	98	99	101	102	104	105	106	107	109	110	111	112	113	115	177	125	145	199	132	172																																																																																																																										
45	53	77	0	1	2	4	5	7	9	10	11	12	13	16	17	18	19	21	24	26	27	29	30	31	32	33	35	36	37	39	41	44	45	46	47	51	53	55	57	59	62	64	65	66	70	72	74	75	77	78	79	81	82	83	84	85	87	88	89	92	98	101	102	105	107	109	110	111	112	115	140	147	188	134	175	145	119	174	162																																																																																																																						
9	18	117	0	1	4	5	6	7	8	11	12	13	15	16	19	21	26	29	30	31	37	39	41	42	43	44	45	48	49	51	52	53	54	57	59	70	75	77	79	82	84	85	86	87	92	93	95	98	99	104	108	109	110	111	144	157	180	159	158	145	190	138	125	141	128	168	164	199	194	143	196	160	153	170	197	133	186	184	124	154	178	136	163	185	176	134	177	147	166	182	189	126	122	139	142	120	181	123	132	167	151	198	121	191	173	155	162	183	172	174	195	146	152	169	171	129	161	148	192																																																																														
70	59	115	0	1	4	5	6	7	8	9	11	12	15	16	17	19	21	24	26	27	30	31	32	37	38	39	42	44	45	46	47	49	51	54	56	59	67	74	75	78	81	83	84	85	87	89	90	92	95	99	100	101	109	110	111	112	113	115	117	141	157	179	181	168	135	129	182	186	149	174	178	172	173	128	184	146	123	161	140	185	187	134	126	164	175	194	137	191	160	170	197	152	120	199	138	139	195	153	193	159	142	176	127	156	189	166	143	154	192	171	132	180	147	125	155	145	165																																																																																
86	70	142	0	1	2	3	4	5	6	7	8	10	11	12	16	19	20	21	24	26	27	28	30	31	32	33	34	38	41	42	44	45	47	48	51	53	55	58	59	62	63	64	70	74	78	79	81	82	83	85	86	87	91	92	93	95	101	102	106	107	109	110	111	112	113	115	118	119	136	129	175	183	193	164	140	180	154	128	142	186	124	166	174	184	138	127	161	149	130	133	188	165	198	169	123	122	185	160	172	170	187	177	178	168	151	146	189	192	159	195	134	173	176	132	152	143	145	158	131	167	157	147	139	179	162	194	197	137	190	199	126	163	191	156	144	135	148	171	155	182	196	121	150	153																																																					
34	68	73	0	3	4	5	8	11	12	15	16	17	19	21	24	26	27	30	31	32	34	35	38	41	42	43	44	45	46	47	48	51	52	53	57	58	59	62	65	67	70	74	75	77	78	81	82	83	84	85	87	90	92	93	95	97	101	102	104	107	108	109	110	111	112	113	115	118	120	176	148	173	169	127	198																																																																																																																										
63	87	130	0	2	3	4	5	7	8	9	10	11	12	16	19	20	21	24	25	27	28	29	30	31	33	38	42	43	44	45	46	48	53	55	57	58	59	62	64	66	68	74	75	78	79	81	82	83	85	88	89	90	91	92	95	101	102	104	106	107	108	109	110	111	112	113	118	120	152	185	169	141	142	175	145	195	159	190	150	177	129	158	179	127	197	184	192	160	167	154	128	198	133	172	161	183	191	155	130	178	126	140	196	137	165	193	188	149	170	151	132	162	174	123	189	181	187	146	147	156	176	138	139	173	136	125	194	182	153	135	148	199																																																																	
83	94	137	0	1	2	4	6	7	8	12	16	18	19	21	24	27	28	30	31	32	33	34	35	38	39	42	44	47	48	51	53	57	58	59	64	68	72	73	74	75	76	78	79	81	82	83	85	86	87	88	90	91	92	93	95	99	101	102	105	109	110	111	112	113	115	118	119	120	122	192	178	185	162	167	126	149	141	166	150	170	173	155	191	131	143	139	169	153	127	186	195	172	124	188	157	179	130	189	125	175	161	156	138	133	151	184	174	148	198	159	147	183	187	199	196	160	181	140	132	154	137	152	171	158	144	136	145	197	182	180	177	134	142	193	129	176	194	165	146																																																										
78	78	66	0	1	2	4	5	6	7	8	10	12	16	17	19	20	21	24	25	27	28	30	31	32	33	34	42	44	45	47	48	51	52	53	55	56	57	58	59	74	75	77	79	81	82	83	85	86	87	89	95	98	100	101	102	105	106	107	108	109	110	111	112	113	115	118	120	123																																																																																																																																	
43	49	77	4	5	6	8	9	12	16	19	20	21	24	25	26	27	29	30	31	34	38	41	42	43	47	51	53	55	56	57	58	59	62	64	66	67	70	72	75	78	79	82	83	85	86	90	91	92	95	101	102	105	106	107	108	110	111	113	115	116	118	119	122	123	148	172	159	164	140	175	173	174	139	196	147	193	154	130	187																																																																																																																						
24	47	130	0	2	3	5	6	7	8	10	12	13	15	16	20	24	27	28	29	30	31	32	34	41	42	44	45	46	47	50	52	53	55	57	58	59	62	64	67	74	75	78	79	81	82	83	84	85	87	90	92	95	99	101	104	106	107	108	109	110	111	112	115	118	119	120	122	123	158	174	141	157	194	184	166	182	136	175	169	178	189	128	143	134	163	197	191	153	173	135	149	131	159	168	164	129	160	150	137	165	188	185	145	179	142	192	148	196	180	144	155	190	198	195	138	167	199	162	156	154	146	140	183	181	133	139	176	177	171	172	170	151																																																																	
77	70	89	0	1	3	5	7	8	9	12	16	17	19	22	24	25	30	32	37	41	42	43	45	46	47	49	51	52	53	55	58	59	62	63	67	68	70	72	75	77	78	79	81	82	83	84	85	86	87	89	91	92	95	100	101	102	104	109	110	111	113	119	120	121	122	123	172	159	153	142	197	171	163	129	193	131	182	187	199	181	141	176	134	162	183	190	146	132	161	128	147																																																																																																										
1	2	105	0	2	4	5	7	8	10	12	13	15	16	21	24	30	31	35	38	41	42	43	44	45	47	51	53	55	56	58	62	67	70	73	74	75	77	78	79	82	83	85	87	89	90	91	92	95	97	101	108	109	110	111	113	115	118	119	120	122	126	127	178	135	140	189	193	185	191	149	182	167	177	142	132	173	184	188	175	158	157	198	181	190	165	163	131	194	199	160	130	196	159	148	168	166	143	176	153	155	192	154	129	133	197	180	161																																																																																										
52	80	123	0	1	2	3	4	5	6	7	9	11	12	15	16	20	22	23	24	27	28	30	31	35	38	39	42	44	45	47	51	53	55	57	58	59	62	67	70	74	78	79	81	82	83	84	85	86	89	90	92	93	95	97	99	101	102	107	108	109	110	111	112	113	115	118	119	120	122	123	126	127	128	157	148	152	147	136	180	176	158	145	179	186	135	140	156	164	189	182	150	190	188	133	159	187	160	130	149	195	171	154	168	196	161	170	143	198	173	151	199	167	181	138	141	175	192	169	185	144	197	162	163	193	142																																																																								
35	51	103	0	4	5	6	7	8	12	13	15	16	19	21	24	27	28	30	31	32	37	39	41	42	43	44	45	47	52	53	55	57	59	62	65	67	70	72	75	78	81	82	83	85	86	87	89	91	92	93	97	101	102	104	105	108	109	110	111	112	113	115	120	122	123	125	128	129	159	136	171	170	138	175	153	150	172	163	184	173	161	169	179	158	186	168	177	134	148	165	190	193	141	197	192	198	147	154	139	189	137	176	199	144	160																																																																																												
47	50	96	0	1	4	5	7	8	12	15	16	17	22	24	27	28	31	38	41	42	43	44	45	48	51	55	59	62	64	65	67	69	74	75	77	79	81	82	83	85	87	88	90	91	92	101	102	107	108	109	110	111	112	113	115	120	123	126	127	128	158	177	176	157	173	165	192	195	184	185	160	194	186	182	193	149	178	171	167	146	144	138	136	162	152	148	150	175	169	134	164	137	147	174	179	161	156	145																																																																																																			
81	84	92	0	4	5	6	7	8	10	12	13	15	16	17	19	20	24	27	28	30	31	34	42	43	44	45	46	47	51	52	53	55	57	59	62	67	70	72	74	78	79	81	82	83	84	85	86	87	90	91	92	98	101	102	104	108	109	110	111	112	113	115	116	118	119	120	122	123	127	128	135	197	179	134	142	190	166	191	144	152	172	139	140	160	149	180	188	187	189	173	169	186	156	162																																																																																																							
35	46	98	0	1	5	6	8	9	10	12	15	16	17	19	22	24	26	27	29	30	31	32	34	37	41	42	43	44	45	47	48	51	53	55	57	58	59	62	70	75	77	78	79	81	82	83	84	85	89	91	92	93	94	95	99	101	105	106	108	109	110	111	118	120	122	123	126	128	129	134	182	145	197	166	142	158	151	173	138	150	141	185	163	183	190	146	193	135	171	180	137	148	153	199	178	144	191	164	189	165																																																																																																	
62	82	124	0	4	5	6	7	8	9	10	12	13	16	17	22	24	27	29	30	33	38	41	42	44	45	47	48	51	52	53	59	64	65	67	70	72	75	78	79	82	83	85	86	87	89	91	93	95	99	101	105	106	107	109	110	111	112	113	114	115	117	118	119	120	123	126	127	130	131	132	133	172	197	185	135	175	180	199	153	137	170	161	196	139	178	141	181	167	158	194	147	179	138	142	177	160	136	155	145	182	192	162	163	174	143	157	151	186	191	193	164	184	173	165	152	190	169	198	183	146	168	156	166	148	154	144																																																																							
74	84	116	0	3	4	5	6	7	8	9	11	12	16	19	21	22	24	25	26	28	29	30	31	32	34	35	37	38	40	41	42	43	44	45	47	51	53	57	58	59	65	67	70	73	76	77	78	79	82	85	86	87	89	90	92	93	95	100	101	102	104	107	108	109	110	111	113	115	119	120	122	126	128	129	132	133	134	163	191	160	192	151	195	143	165	167	139	150	176	169	159	175	193	138	145	189	157	148	161	196	190	185	156	173	172	146	136	162	171	166	170	174	187	149	198	178	183	177																																																																															
64	86	89	0	1	4	5	6	7	8	9	12	16	19	21	27	28	30	31	32	34	38	39	41	42	43	44	45	47	48	51	53	55	57	59	62	65	67	70	72	77	78	79	82	83	84	85	88	89	90	92	93	95	99	101	102	106	107	108	109	110	111	112	113	118	120	122	123	126	129	130	131	134	135	175	170	143	195	140	166	171	189	160	155	151	142	179	161	191	196	187	153																																																																																																										
55	88	120	0	5	6	7	8	11	12	15	16	17	19	21	22	24	25	27	29	30	31	33	35	41	42	44	45	48	51	53	55	56	57	59	62	70	73	74	75	77	78	79	81	82	84	85	86	89	90	91	93	95	98	99	100	101	102	104	105	108	109	110	111	112	113	115	119	120	122	123	126	130	131	133	134	161	141	155	181	180	173	164	151	198	167	172	158	188	168	192	138	165	190	178	169	195	179	149	183	153	162	142	140	160	184	193	189	171	139	177	159	194	163	166	174	152	199	196	175	154	146	156																																																																											
35	53	109	0	4	5	6	7	8	9	12	13	16	18	19	21	22	24	25	28	31	33	34	37	38	41	42	44	45	47	48	51	52	53	57	58	59	62	64	65	70	72	73	75	77	78	79	82	83	84	85	86	87	88	90	92	93	95	101	102	105	106	108	109	111	112	118	119	120	122	123	126	129	130	131	133	134	135	137	170	199	166	139	165	171	198	149	153	191	148	161	189	195	187	162	192	178	184	159	152	177	180	181	155	186	194	173	196	185	183	143	147																																																																																						
73	77	104	0	2	4	5	6	7	8	11	12	16	19	20	21	22	24	27	28	30	31	32	35	42	43	45	47	48	51	52	53	58	59	63	64	66	67	76	78	79	81	82	83	85	86	87	89	90	91	93	95	99	101	102	109	110	111	112	113	115	118	119	120	122	123	125	126	130	132	134	135	137	138	182	147	191	194	195	154	165	151	185	197	157	142	166	180	159	158	192	175	178	160	164	186	150	183	189	170	141	153	177	181	199	143	145																																																																																											
87	91	78	0	4	5	7	8	11	12	16	17	19	21	22	23	24	25	27	30	31	34	37	38	41	42	43	44	45	46	47	51	52	53	55	59	62	67	74	76	78	79	81	82	83	84	85	86	87	88	89	90	91	92	93	95	97	99	101	102	105	107	108	109	110	111	112	113	115	117	119	120	122	123	125	126	128	129	132	136	137																																																																																																																					
82	78	96	0	1	5	6	7	8	10	12	15	16	17	19	20	22	24	26	27	28	29	30	32	37	38	41	42	43	44	46	47	50	53	54	55	56	57	59	62	63	65	67	70	72	75	78	79	81	84	85	86	88	89	90	91	92	93	95	101	102	109	110	111	113	115	118	119	122	123	126	127	129	130	133	134	137	139	187	194	177	171	168	185	158	144	153	152	163	148	146	149	176	181	155	147	179	154	188																																																																																																			
38	74	99	0	1	2	3	4	5	7	8	11	12	13	16	19	21	22	24	26	27	28	29	30	31	34	37	38	41	43	44	45	47	52	53	55	57	59	61	62	65	67	72	74	78	79	81	82	84	85	87	91	92	93	95	99	101	102	105	107	108	109	110	111	113	118	119	120	122	123	126	127	128	129	132	133	134	136	137	139	147	143	154	158	180	194	176	189	195	179	164	162	174	197	169	160	155	163	186	181	173	152																																																																																																
64	48	99	0	1	2	4	5	6	7	8	9	11	12	13	15	16	17	21	22	24	26	27	28	29	30	31	32	35	37	38	42	43	44	46	47	48	49	50	51	53	55	56	57	58	59	62	65	66	72	75	78	79	81	82	83	84	85	86	87	88	89	90	92	93	98	99	101	102	104	107	108	110	111	112	113	115	118	119	120	123	126	128	129	134	135	136	138	139	142	161	163	199	158	166	144	189	157	165	146	196	174																																																																																																
56	92	82	0	1	4	5	7	8	9	10	12	13	16	20	22	24	25	26	27	29	30	31	34	35	41	42	43	44	45	46	47	49	52	53	54	59	62	65	72	74	75	77	78	79	81	82	83	85	86	87	90	91	92	93	95	97	98	99	101	102	108	109	110	111	112	113	115	118	120	123	126	129	130	131	132	133	134	141	143	151	162	196	179	145																																																																																																																	
74	58	106	0	4	5	6	7	8	12	13	15	16	22	24	26	27	29	30	33	35	37	38	42	44	45	47	48	51	53	56	58	59	62	64	65	67	70	72	74	75	77	78	82	83	84	85	89	90	92	93	95	96	99	101	102	104	105	106	109	110	111	112	113	115	116	117	118	119	120	122	123	126	129	131	133	134	135	139	144	198	148	151	157	168	195	153	182	161	184	177	170	159	175	162	187	189	197	171	181	155	188	194	183	173	163	160	190	154																																																																																									
36	55	123	0	2	4	5	7	8	9	10	12	13	16	19	20	21	23	25	26	27	30	31	33	39	41	42	43	44	45	46	53	57	59	62	64	65	67	72	75	77	78	79	81	82	83	84	85	86	87	89	90	91	92	93	95	97	101	102	106	109	110	111	115	118	119	120	122	123	126	127	131	133	134	135	137	141	143	195	159	188	167	197	176	151	149	179	155	166	191	182	183	150	184	177	156	154	187	162	175	190	189	198	158	148	174	171	161	185	160	193	181	157	180	153	152	173	199	172	178	170	168	196	192	164	165																																																																								
30	56	113	0	3	5	7	8	10	12	15	16	18	19	20	21	24	27	30	31	33	38	41	43	44	45	46	47	51	52	53	55	59	65	67	70	72	73	74	75	78	79	81	82	84	85	86	87	89	91	92	93	99	101	102	105	107	108	109	110	111	112	113	115	117	118	119	120	122	123	125	127	129	130	131	134	138	139	141	142	196	148	162	158	161	193	188	152	185	171	178	176	153	195	160	174	192	163	168	191	157	169	151	184	187	189	194	197	175	156	173	182	199	149	170	154																																																																																		
92	87	95	1	2	4	5	6	7	9	11	12	13	15	16	19	24	25	26	27	28	29	30	31	32	33	34	38	42	43	44	45	46	48	49	51	52	53	58	59	66	78	79	82	83	84	85	86	87	89	92	93	95	99	101	102	106	109	110	111	112	115	118	120	121	122	123	125	126	128	129	130	131	133	134	135	138	141	145	146	147	192	174	183	191	163	172	164	160	156	177	180	197	194	170	185	165	189																																																																																																				
61	52	102	0	3	4	5	7	8	9	10	12	13	19	21	24	25	26	27	29	30	31	32	33	34	38	41	42	43	44	46	47	51	52	53	55	59	64	65	67	70	72	74	75	78	79	81	82	83	84	85	86	87	89	90	92	101	102	104	107	108	109	110	111	112	113	115	119	120	122	123	126	128	129	131	132	135	137	138	141	146	147	190	182	197	199	191	185	169	155	151	194	157	167	168	184	192	172	160	161	187	153	166	176	183																																																																																													
58	50	105	0	1	2	4	5	6	7	8	9	12	15	16	20	21	22	24	25	31	41	44	46	47	48	51	53	57	58	59	62	64	72	75	76	78	79	82	83	84	85	86	87	89	91	95	98	101	102	105	107	108	110	111	112	113	115	120	122	123	126	129	130	131	133	135	139	146	187	182	155	184	185	172	179	186	198	157	195	169	190	189	193	151	163	199	181	159	173	153	164	197	177	194	160	152	168	192	178	167	162	161	191	154	183	188	174																																																																																										
23	32	94	0	4	5	7	8	9	12	16	17	19	20	21	24	27	28	29	30	31	32	34	37	38	41	42	44	45	47	53	54	55	59	62	65	66	67	70	72	78	79	81	82	85	86	87	88	89	90	92	93	95	99	101	102	106	107	108	109	110	111	112	113	118	120	122	123	126	129	133	134	135	136	137	139	144	145	146	147	149	150	153	165	181	190	157	180	162	194	154	169	159	186	167	155	191																																																																																																					
35	37	85	0	4	5	6	7	8	9	10	11	12	13	16	17	19	21	22	24	27	29	30	31	37	41	42	47	49	52	53	55	59	61	64	65	69	72	77	78	79	81	82	83	84	85	86	87	90	91	92	95	98	99	101	102	104	105	106	107	108	109	110	111	115	118	119	120	122	123	129	131	132	134	137	138	141	142	146	147	150	165	166	193	160	172	194	185																																																																																																														
56	74	79	3	4	5	6	8	12	16	20	21	22	24	28	29	30	31	35	41	44	45	47	48	49	51	52	53	55	57	58	59	62	72	75	77	78	79	82	83	85	86	87	89	91	92	93	95	97	99	101	102	103	106	110	111	115	118	119	120	122	123	126	127	128	130	133	134	136	137	138	139	141	145	146	147	149	150	151	192	183	186																																																																																																																				
11	12	87	5	7	8	9	10	11	12	16	19	20	24	25	27	28	29	31	32	35	41	42	43	44	45	47	49	51	52	53	54	55	57	58	59	62	63	65	75	78	79	81	83	85	86	89	91	92	93	98	99	101	102	106	107	108	109	110	111	112	113	115	118	119	120	122	123	125	126	128	129	130	134	137	139	141	142	145	146	147	150	151	155	192	187	173	179	170	181																																																																																																												
46	78	86	3	4	5	7	8	9	10	12	15	16	17	19	21	24	25	27	30	31	32	34	38	42	43	44	45	53	63	64	67	74	75	77	78	79	81	82	83	84	85	86	87	89	91	92	93	95	98	101	102	104	105	107	109	110	111	112	115	118	119	120	122	123	126	128	134	136	137	138	141	142	145	146	149	150	151	154	173	187	185	190	192	158	168	164	184	193																																																																																																													
39	30	77	4	5	6	7	8	9	12	15	16	17	19	21	22	24	25	26	27	29	30	31	33	34	35	41	42	44	45	46	47	48	49	51	53	55	59	62	64	65	69	74	76	78	79	81	82	83	85	86	87	89	90	91	92	97	102	105	107	108	109	110	111	112	115	119	120	122	123	126	129	131	132	134	135	137	146	147	148																																																																																																																						
25	27	89	7	8	9	10	12	16	19	21	23	24	25	27	28	30	31	34	39	41	42	43	44	45	47	49	51	53	55	56	57	59	62	74	75	78	79	81	82	83	85	86	87	89	90	91	92	93	95	96	99	101	104	105	106	110	111	112	113	115	118	119	120	123	126	128	129	131	134	135	139	143	145	146	147	149	150	151	166	184	172	170	195	171	176	163	159	168	175	161	182																																																																																																										
84	74	111	0	4	5	6	8	11	12	13	15	16	17	19	21	22	24	27	28	29	30	31	35	37	38	41	42	43	44	45	46	47	53	54	55	58	59	62	66	69	74	75	77	78	79	81	82	83	85	87	89	90	91	92	93	95	98	99	101	102	105	107	110	111	112	113	115	118	120	122	123	126	128	129	130	131	133	134	137	139	141	142	143	146	147	155	191	188	162	198	159	178	172	197	196	165	194	177	189	184	164	185	160	192	193	199	186	173	161	180	181	174	175																																																																																				
85	97	122	2	4	5	6	7	8	9	11	12	16	20	22	23	24	25	28	29	30	31	37	38	41	42	44	45	47	48	49	51	52	53	55	59	62	63	67	70	72	75	78	79	81	82	83	84	85	86	90	91	92	95	98	99	101	102	105	106	107	109	111	112	114	118	119	120	122	123	125	126	127	128	129	130	135	137	138	139	145	146	150	151	157	158	179	172	164	163	197	182	173	180	184	160	169	170	186	188	178	183	199	175	168	166	181	171	162	161	189	165	195	174	196	187	167	190	193	176	192	177	194	191	198																																																																									
60	54	95	4	5	6	7	8	9	11	12	13	15	16	17	20	22	24	25	30	31	34	37	38	39	41	42	43	44	45	47	51	53	55	56	57	59	62	64	67	70	77	78	79	82	85	87	88	89	91	93	95	98	101	102	106	107	108	109	110	111	112	115	118	119	120	122	123	126	128	129	130	131	132	134	135	136	137	139	142	145	146	147	148	149	150	152	158	159	164	165	168	189	193	197	172	173	184																																																																																																				
29	47	91	0	1	2	4	5	6	7	8	12	13	14	15	16	17	21	24	25	26	27	30	31	32	34	35	37	38	41	43	44	45	46	47	51	53	58	59	64	66	67	69	72	74	77	78	79	81	82	83	84	85	86	89	92	99	101	102	106	108	110	111	112	113	115	118	119	120	122	123	127	128	129	130	131	134	135	136	137	138	143	145	146	147	149	150	157	158	159	180	168	163	183																																																																																																								
89	75	92	0	1	2	4	5	7	8	9	10	12	15	16	17	18	19	21	22	24	27	28	30	31	32	38	39	41	42	43	44	45	47	49	51	53	55	58	59	64	67	72	78	80	81	82	83	84	85	86	87	89	90	91	92	95	99	100	101	105	108	109	110	111	112	113	115	117	118	120	122	123	126	127	129	131	132	134	135	137	138	142	144	145	146	147	150	151	158	159	170	183	184	196																																																																																																							
30	54	90	0	2	4	5	6	8	10	12	16	18	20	21	22	24	29	30	34	35	39	42	44	45	47	51	52	53	54	55	56	57	59	62	65	70	72	75	77	78	79	83	84	85	86	87	89	91	92	97	101	104	109	110	111	113	118	120	126	127	128	129	130	133	134	135	137	141	142	143	145	147	148	150	157	159	161	197	181	193	189	179	180	192	191	185	171	172	186	187	166	170																																																																																																									
75	73	81	3	5	6	7	9	10	12	15	19	22	24	25	27	30	31	32	35	41	42	44	45	47	48	49	52	53	57	59	62	65	67	69	70	72	74	75	77	78	79	81	83	84	85	86	87	88	89	91	92	93	101	106	107	110	111	113	115	118	119	120	125	126	129	131	133	134	137	139	142	146	148	150	155	158	159	160	181	192	180	168	167																																																																																																																		
42	51	92	0	1	3	4	5	7	8	12	13	16	19	20	22	24	26	30	31	32	38	39	41	42	43	44	45	46	47	51	53	55	58	59	63	64	65	67	74	75	78	79	82	83	85	87	92	93	97	99	101	102	105	106	108	109	110	111	112	113	115	119	120	122	123	126	128	130	131	133	134	135	137	138	139	143	146	148	151	152	158	159	160	183	168	198	172	182	186	181	178	199	195	167																																																																																																							
58	64	95	0	2	3	4	5	7	8	10	12	16	19	20	21	24	30	31	36	37	42	44	45	47	51	52	53	56	59	64	65	67	74	75	78	79	82	83	85	86	89	91	92	95	97	101	102	104	105	106	107	108	109	110	111	113	115	118	119	120	123	126	128	132	133	134	135	136	137	138	139	143	146	149	152	157	159	163	180	190	174	176	199	182	194	170	196	172	198	193	175	184	167	173	186	179	185																																																																																																				
50	74	95	3	4	5	6	7	8	12	16	19	20	21	24	27	29	30	31	32	37	38	41	42	44	45	47	51	53	57	59	61	62	65	67	75	78	79	81	82	83	85	86	89	90	91	92	93	95	97	99	101	102	105	107	108	109	110	111	112	113	115	118	120	122	123	126	128	129	131	134	135	137	146	149	150	151	159	164	165	166	172	180	195	181	192	188	169	182	185	177	196	170	186	187	173	184	190																																																																																																				
76	94	110	0	2	5	7	9	10	12	14	16	17	19	20	21	24	25	27	30	34	38	39	41	42	45	47	51	53	57	58	59	61	62	65	66	67	70	74	75	78	79	81	82	83	85	86	87	89	90	91	92	95	97	101	102	105	106	107	108	109	110	111	113	118	119	120	126	128	129	130	134	137	141	145	146	147	149	150	155	157	159	160	161	164	165	175	177	178	197	185	186	188	176	170	198	192	199	187	172	171	173	179	196	195	174	190	189	193	169	184	181	182																																																																																					
26	29	94	0	4	5	7	8	12	15	16	21	24	27	28	29	30	31	32	35	38	39	41	44	45	47	52	53	55	57	59	60	61	62	64	70	72	75	77	79	81	82	83	85	86	90	92	95	97	98	99	101	102	105	107	108	110	111	112	113	115	118	120	121	122	123	126	129	130	131	132	134	135	137	142	147	149	150	151	159	167	168	173	199	183	196	171	195	174	181	182	192	189	185	188	190	180																																																																																																					
72	61	93	0	2	3	4	5	8	9	10	11	12	15	16	17	19	20	21	22	24	25	26	27	30	31	32	34	35	37	41	42	43	44	45	47	51	52	53	58	59	62	64	65	67	72	74	78	79	82	83	85	86	87	89	90	91	95	100	101	102	104	105	108	109	110	111	112	115	118	119	120	122	123	126	129	130	134	135	136	138	139	145	146	147	148	154	157	159	162	163	166	167	168	173	171																																																																																																						
51	79	100	0	2	4	5	8	9	12	15	16	17	19	22	27	29	30	31	34	35	38	39	41	42	44	45	47	48	52	53	56	57	59	62	63	64	67	68	72	73	74	75	77	79	81	82	83	84	85	86	89	91	92	93	98	101	102	104	105	107	108	109	111	113	115	118	119	120	123	126	127	129	130	131	133	135	136	137	138	141	145	146	147	157	159	163	168	169	170	181	178	196	172	177	191	173	188	190	198	179	199	194																																																																																															
11	13	89	0	4	5	7	8	11	12	16	21	24	26	27	28	30	31	34	37	41	42	44	47	51	52	53	54	55	58	59	65	72	74	75	77	78	79	82	84	85	88	89	90	91	92	93	99	101	102	104	106	109	110	111	112	113	115	116	118	119	120	122	123	125	126	127	130	132	134	135	137	146	148	149	150	152	157	158	159	160	163	165	166	167	168	171	182	174	185	198	191																																																																																																										
76	74	106	0	4	5	6	7	8	12	13	16	20	21	24	26	27	28	30	31	34	38	41	42	43	44	45	46	47	49	51	53	55	57	58	59	64	65	78	79	82	83	85	87	89	90	92	93	99	101	102	105	106	107	108	109	110	111	112	115	118	119	120	121	122	123	125	126	128	129	130	131	132	133	134	135	137	138	142	145	146	147	150	154	155	158	159	160	166	167	168	169	170	171	198	191	182	199	184	187	174	180	181	177	194	179	183	189	185																																																																																									
26	47	104	0	2	5	6	7	8	10	12	13	15	16	19	21	22	24	27	28	30	31	32	33	34	37	38	41	42	43	44	45	51	53	57	58	59	61	63	66	68	74	75	76	78	79	81	82	83	84	85	87	89	90	91	92	93	95	96	101	105	106	107	109	110	111	112	117	118	119	120	122	123	125	126	131	134	135	137	142	143	146	147	148	150	158	159	166	168	169	172	173	192	194	183	176	191	198	193	199	175	182	180	184	187	190	196																																																																																											
8	11	101	0	2	3	5	6	7	8	9	11	12	13	16	20	21	22	24	26	27	29	30	31	32	34	35	37	38	41	42	44	45	46	47	53	57	58	59	62	64	65	75	78	79	82	83	84	85	86	87	89	91	92	93	95	98	101	102	104	105	107	108	109	111	112	113	115	117	119	120	122	123	125	126	128	129	130	131	134	135	136	137	139	145	146	147	157	158	159	166	168	174	198	195	182	192	184	191	196	193	183	179	177																																																																																														
91	65	101	2	4	5	6	7	8	9	10	11	12	15	16	19	21	24	25	27	30	31	33	34	41	42	43	44	45	47	48	51	53	55	58	59	62	73	74	75	77	79	81	82	83	84	85	86	87	89	91	92	93	95	99	101	102	104	107	108	109	110	111	113	118	119	120	121	122	123	126	127	128	129	130	131	135	141	142	146	147	149	157	159	166	168	174	198	190	192	193	186	177	199	185	184	191	187	179	183	196	181	197	180																																																																																														
64	87	105	0	2	4	5	6	7	8	10	12	13	16	17	19	21	24	25	27	28	30	31	34	38	41	42	43	44	45	47	49	52	55	59	62	65	72	74	75	78	79	81	82	83	84	85	86	89	90	91	92	97	99	101	108	109	110	111	112	113	115	116	118	120	122	123	126	128	130	131	134	135	137	138	139	141	145	146	148	150	158	159	167	168	171	173	175	176	183	193	188	185	198	187	178	181	179	189	196	199	180	197	186	191	192	194	190																																																																																										
34	58	90	0	4	5	6	7	8	12	15	16	20	21	28	30	31	34	35	37	38	41	42	43	44	45	46	49	52	53	56	58	59	62	64	66	67	69	70	72	73	75	78	79	82	83	85	87	89	90	91	92	95	97	101	102	104	107	109	110	111	112	114	115	118	119	120	122	123	126	128	131	133	134	135	137	138	139	146	147	150	158	159	165	168	171	177	189	191	192	186	184	197																																																																																																									
97	91	103	2	4	5	7	8	12	13	16	18	19	21	22	24	27	28	30	32	34	35	38	41	42	43	44	45	46	47	48	50	51	52	53	55	57	59	64	65	67	68	69	74	75	78	81	82	85	86	87	88	89	90	91	92	93	95	96	99	101	102	105	107	108	109	110	111	112	115	119	120	122	123	126	129	130	131	132	134	136	137	141	142	144	146	150	154	159	163	166	168	171	173	175	176	177	186	185	190	199	194	195	181	193	187																																																																																												
43	79	95	0	2	5	6	8	9	11	12	16	18	19	21	24	29	30	31	34	37	38	42	46	47	48	49	51	52	53	54	57	58	59	62	64	71	74	75	78	82	83	85	86	88	90	91	92	95	99	102	104	107	108	109	110	111	113	115	118	119	120	123	126	128	129	132	133	134	137	138	139	142	146	148	151	158	159	161	163	164	166	167	169	173	174	176	177	183	182	193	192	189	191	185	190	195	194																																																																																																				
38	48	105	0	1	2	6	8	9	10	12	13	15	16	18	20	21	22	24	27	30	31	34	37	41	42	43	44	45	47	51	53	54	57	58	59	62	63	75	78	79	82	83	84	85	86	87	89	92	93	95	97	101	102	106	107	108	109	110	111	112	113	114	115	118	119	122	123	126	127	128	129	134	137	138	139	141	142	145	146	150	151	154	158	159	163	164	165	167	168	169	171	173	176	177	179	185	186	189	190	196	198	184	187	194	182	199	191																																																																																										
82	72	96	0	1	3	4	5	7	8	10	12	15	16	19	20	21	22	27	30	31	34	38	42	43	44	45	47	51	52	53	55	56	57	59	62	65	66	67	73	74	75	78	79	81	82	83	85	86	87	89	93	95	97	101	102	105	106	107	108	109	110	111	112	115	118	119	120	122	123	126	127	128	129	131	133	134	139	145	146	147	149	150	157	159	165	166	167	168	169	172	173	174	175	180	181	188	198	187																																																																																																			
97	82	93	0	4	5	6	7	8	12	13	16	19	20	21	24	27	28	29	30	31	32	34	38	39	41	42	43	44	45	48	49	51	52	53	55	57	59	62	64	67	70	73	74	75	78	79	81	82	83	84	85	86	87	89	90	92	93	98	100	101	108	110	111	115	118	120	122	123	126	127	133	134	135	137	138	139	145	146	148	149	150	153	159	161	162	165	169	173	174	175	176	177	180	187	195																																																																																																						
18	29	106	0	3	4	5	7	8	9	12	13	15	16	17	18	19	20	21	24	25	26	29	30	31	32	34	35	36	38	39	41	42	43	44	45	47	51	53	55	59	62	64	67	70	74	75	78	79	82	83	84	85	86	87	89	91	92	93	97	99	100	101	102	104	107	108	109	110	111	112	113	118	119	120	122	123	126	128	130	131	134	137	138	145	146	147	149	150	155	157	158	159	160	162	166	167	168	173	174	175	176	178	181	193	187	195	185	192																																																																																									
83	62	107	0	2	4	5	6	7	8	12	13	16	19	20	21	24	25	26	27	28	30	31	38	39	42	44	45	46	47	48	53	55	59	62	63	65	67	70	75	77	78	79	82	83	85	86	87	89	91	92	93	95	99	101	105	107	108	109	110	111	112	113	115	118	119	120	122	123	126	128	129	131	133	134	135	138	139	141	146	147	148	149	150	152	155	158	163	166	167	168	169	172	173	176	177	179	180	181	184	194	195	187	188	197	190	189	198	192	191																																																																																								
30	49	96	0	1	4	5	6	7	9	10	11	12	13	15	16	22	27	28	30	31	32	34	38	41	42	44	45	46	47	53	55	56	57	58	59	64	65	67	70	74	75	77	78	79	81	82	83	84	85	87	88	89	91	92	95	98	101	109	110	111	112	113	115	118	119	120	123	129	130	131	132	134	138	139	142	150	151	153	158	159	163	165	166	167	168	176	177	178	179	181	188	199	197	194	190	189	198	193																																																																																																			
90	65	100	0	4	5	6	7	8	12	15	16	17	22	27	28	29	30	31	32	34	37	38	40	41	42	43	44	45	47	49	51	53	55	57	58	59	62	67	74	75	78	79	81	83	84	85	86	87	91	92	93	95	101	102	107	108	109	110	111	113	115	119	120	122	123	125	127	129	132	135	136	138	141	145	146	147	149	150	154	155	159	163	167	168	173	174	176	177	179	181	182	183	184	185	190	199	189	198	195	197	192	196																																																																																															
77	82	88	0	2	3	5	6	7	8	12	15	16	20	23	24	26	27	28	30	31	34	37	38	41	42	43	44	45	51	53	54	56	58	59	62	66	67	74	75	77	78	79	83	85	86	88	92	93	97	99	101	102	105	106	108	109	110	111	112	113	115	117	120	122	123	126	128	129	132	137	141	145	146	147	150	158	159	167	168	169	171	177	182	185	186	191	199	189	194	195																																																																																																											
15	28	107	1	4	5	6	7	8	10	12	16	20	21	22	24	25	27	30	31	32	36	37	40	41	42	43	44	45	47	48	51	53	57	59	62	65	67	68	72	74	75	78	79	81	82	84	85	86	87	89	91	92	93	95	98	99	101	104	106	107	108	109	110	111	112	115	118	119	120	122	123	126	128	129	130	132	133	135	136	137	138	139	142	143	145	146	147	148	150	158	159	160	163	168	169	173	177	178	180	181	185	186	187	188	199	194	192	196	193																																																																																								
38	33	97	0	4	5	8	9	12	13	15	16	19	21	24	27	28	30	31	32	35	36	37	38	42	44	45	52	53	55	57	59	62	65	67	68	72	74	75	78	79	82	83	84	85	86	87	88	89	90	91	92	93	95	96	99	101	106	107	108	109	110	111	113	115	118	120	122	126	127	128	129	130	132	133	134	135	137	145	146	149	150	151	155	159	166	167	168	169	171	174	176	177	179	180	181	185	186	187	194																																																																																																		
41	28	104	0	1	2	4	5	6	7	8	9	12	13	15	19	20	21	27	29	30	31	32	34	37	39	41	42	43	44	47	48	51	53	54	57	58	62	65	74	75	76	77	78	79	81	82	83	84	85	86	90	91	92	93	95	97	99	101	102	105	106	108	109	110	111	112	113	115	118	119	120	122	123	126	128	132	133	134	135	136	138	139	146	147	148	149	150	151	158	159	163	171	172	173	174	175	176	177	178	180	181	185	188	194	197	198																																																																																											
56	51	111	0	4	5	6	7	9	12	13	16	19	21	24	27	29	30	31	32	34	38	39	41	42	43	44	45	47	50	51	53	55	57	58	59	65	66	72	74	75	77	78	79	81	82	83	85	86	87	89	90	91	92	95	96	101	102	104	107	108	109	110	111	112	113	115	118	119	120	122	123	126	128	129	130	131	134	135	137	138	139	146	147	148	149	150	153	154	155	158	159	163	164	167	168	169	174	175	176	177	178	180	184	185	187	189	197	199	198	196	194	193	195																																																																																				
96	64	102	0	4	5	7	8	9	10	12	13	16	20	21	24	26	27	30	31	32	34	38	41	42	44	45	47	49	51	52	53	55	56	58	59	62	64	65	70	73	74	75	78	79	81	82	83	85	86	87	89	91	92	93	95	99	101	102	105	109	110	111	114	119	120	122	123	125	127	128	129	130	131	133	134	135	137	146	147	150	152	155	158	159	160	163	166	168	174	175	176	177	179	180	184	186	189	192	194	196	195	199	197	198																																																																																													
27	43	103	0	1	3	4	5	6	7	8	9	12	15	16	19	21	22	24	25	27	28	29	30	31	32	36	38	41	42	43	44	45	46	47	51	53	55	57	58	59	62	67	72	74	75	78	79	81	82	83	84	85	86	91	92	93	95	97	101	102	107	109	111	113	118	119	120	122	123	126	128	131	134	137	138	139	141	142	145	147	148	149	150	151	152	158	159	166	171	173	174	177	179	180	181	185	186	188	189	190	191	192	193	199	198																																																																																												
21	33	103	0	3	4	5	6	7	8	11	12	13	15	16	17	19	21	22	25	27	28	29	31	32	35	38	42	43	44	46	47	48	52	53	55	57	58	59	62	63	72	74	75	78	79	81	82	83	84	85	89	91	92	93	95	98	101	102	104	105	106	109	110	111	112	113	115	118	119	120	122	123	126	129	131	135	136	137	138	139	142	145	146	147	150	157	159	165	167	168	169	175	179	180	183	184	185	187	188	192	193	199	196	198	197																																																																																												
89	84	83	0	4	5	6	7	8	10	12	17	22	25	27	28	29	30	38	41	42	44	45	48	51	52	53	55	57	59	61	72	75	78	79	81	82	85	86	88	89	92	93	98	102	109	110	111	112	113	115	118	120	122	123	125	126	128	129	134	135	136	137	138	143	144	146	147	158	159	162	166	167	168	169	171	174	175	176	177	181	187	189	192	193	195																																																																																																																
55	61	83	0	2	3	5	6	7	9	12	13	16	17	19	21	24	25	29	30	31	32	44	46	47	48	53	59	62	68	74	75	78	79	82	83	85	86	89	92	95	97	99	101	107	109	111	112	113	115	118	119	120	122	123	126	127	128	129	130	132	133	134	139	142	145	146	147	148	149	150	158	159	160	163	168	176	177	178	185	186	187	191	192	193	195																																																																																																																
53	89	107	0	3	4	5	6	7	8	9	10	12	16	18	19	22	24	27	28	30	31	32	35	40	41	42	43	44	45	46	47	49	52	53	55	57	58	59	62	69	70	74	75	77	78	79	81	82	83	84	87	89	91	92	93	95	97	98	101	102	105	106	107	108	109	110	111	112	113	115	118	120	121	122	123	126	128	129	130	134	135	137	138	145	146	150	158	159	165	166	168	171	172	173	174	175	176	177	181	182	185	186	187	191	192	193	194	195	199																																																																																								
78	90	100	0	1	4	5	6	7	8	11	12	16	21	22	25	28	29	30	31	37	38	41	44	45	47	51	55	58	59	62	64	67	70	72	74	75	78	79	81	82	83	84	85	86	87	89	90	91	92	99	100	101	102	105	107	109	110	113	115	116	118	119	120	122	123	126	127	128	129	130	133	134	137	138	139	143	146	147	149	150	158	159	165	166	168	169	171	173	174	176	177	179	181	186	187	188	189	192	193	194	195	198																																																																																															
